041612	12:59	1	speed	1	3031	44
041612	12:59	1	error	2	3385	93
041612	12:59	1	whichhand	3	10410	Left
041612	12:59	1	16cozy	1	13415	9
041612	12:59	1	6pome	2	10061	5
041612	12:59	1	9zeeg	3	8404	5
041612	12:59	1	24deho	4	3975	5
041612	12:59	1	21face	5	5000	7
041612	12:59	1	18hit	6	2824	1
041612	12:59	1	13kiss	7	2368	9
041612	12:59	1	20safe	8	3084	9
041612	12:59	1	21rat	9	2538	2
041612	12:59	1	1yote	10	2294	5
041612	12:59	1	6fope	11	2548	5
041612	12:59	1	23nun	12	2968	6
041612	12:59	1	14mad	13	2819	2
041612	12:59	1	4spak	14	4836	4
041612	12:59	1	3zape	15	3762	4
041612	12:59	1	6zope	16	2884	4
041612	12:59	1	16foam	17	4034	5
041612	12:59	1	6zoke	18	5753	5
041612	12:59	1	7noof	19	3154	6
041612	12:59	1	1yove	20	4285	7
041612	12:59	1	8zet	21	9346	5
041612	12:59	1	12balm	22	3822	6
041612	12:59	1	13nice	23	2078	8
041612	12:59	1	5alak	24	3061	4
041612	12:59	1	17hand	25	4364	6
041612	12:59	1	8faw	26	5181	4
041612	12:59	1	4slek	27	4701	5
041612	12:59	1	5rorp	28	2505	5
041612	12:59	1	2zoge	29	6302	4
041612	12:59	1	20car	30	3312	5
041612	12:59	1	20cat	31	2213	6
041612	12:59	1	2pabe	32	2350	7
041612	12:59	1	4pame	33	3227	4
041612	12:59	1	22mop	34	5187	3
041612	12:59	1	19mind	35	2242	7
041612	12:59	1	14pet	36	1947	8
041612	12:59	1	7toog	37	2815	4
041612	12:59	1	24olra	38	2969	5
041612	12:59	1	18joke	39	2116	7
041612	12:59	1	5rocl	40	3401	6
041612	12:59	1	24loac	41	4570	5
041612	12:59	1	13kids	42	2116	9
041612	12:59	1	1jote	43	2810	5
041612	12:59	1	12balk	44	3187	5
041612	12:59	1	17sick	45	2060	1
041612	12:59	1	9dafe	46	6828	6
041612	12:59	1	24edop	47	3256	5
041612	12:59	1	2yage	48	2311	5
041612	12:59	1	16city	49	7172	4
041612	12:59	1	2zofe	50	1827	4
041612	12:59	1	14hat	51	1820	5
041612	12:59	1	10joi	52	1870	7
041612	12:59	1	19chin	53	2389	4
041612	12:59	1	11poom	54	3487	6
041612	12:59	1	19foul	55	2268	1
041612	12:59	1	10hilp	56	4380	4
041612	12:59	1	11kiy	57	2285	5
041612	12:59	1	12slit	58	3084	5
041612	12:59	1	7zood	59	4098	6
041612	12:59	1	17man	60	1734	8
041612	12:59	1	13scum	61	1884	2
041612	12:59	1	3tofe	62	3475	4
041612	12:59	1	22limp	63	2321	4
041612	12:59	1	21ace	64	2214	9
041612	12:59	1	20war	65	1872	1
041612	12:59	1	20save	66	2751	7
041612	12:59	1	7doof	67	4211	4
041612	12:59	1	10hok	68	1819	5
041612	12:59	1	5mepe	69	3204	5
041612	12:59	1	3yeem	70	5773	5
041612	12:59	1	15part	71	3700	4
041612	12:59	1	15rude	72	2345	2
041612	12:59	1	12pore	73	2893	3
041612	12:59	1	4pame	74	2091	4
041612	12:59	1	8saf	75	2136	4
041612	12:59	1	19shy	76	2046	4
041612	12:59	1	23joy	77	1758	8
041612	12:59	1	22hop	78	1931	8
041612	12:59	1	4peks	79	2352	5
041612	12:59	1	8zers	80	892	5
041612	12:59	1	24frol	81	860	5
041612	12:59	1	8resz	82	885	5
041612	12:59	1	3vofe	83	1925	6
041612	12:59	1	2zote	84	1418	5
041612	12:59	1	10mok	85	2196	4
041612	12:59	1	12rain	86	2694	8
041612	12:59	1	15idea	87	2140	7
041612	12:59	1	5lale	88	1801	5
041612	12:59	1	11hiol	89	5292	5
041612	12:59	1	3jeet	90	4223	5
041612	12:59	1	19kind	91	1806	9
041612	12:59	1	9zade	92	1728	7
041612	12:59	1	11yoon	93	2269	5
041612	12:59	1	23ill	94	4332	1
041612	12:59	1	15dirt	95	5487	6
041612	12:59	1	16lamb	96	2923	8
041612	12:59	1	23kin	97	1983	8
041612	12:59	1	15farm	98	2130	5
041612	12:59	1	16rock	99	3255	5
041612	12:59	1	13grin	100	2510	9
041612	12:59	1	14game	101	2196	9
041612	12:59	1	6yope	102	1718	5
041612	12:59	1	11yoom	103	724	5
041612	12:59	1	1yoze	104	954	5
041612	12:59	1	23milk	105	4295	6
041612	12:59	1	7yoob	106	2764	2
041612	12:59	1	14heal	107	2679	7
041612	12:59	1	1mobe	108	4557	5
041612	12:59	1	10kop	109	3159	7
041612	12:59	1	21vest	110	4617	4
041612	12:59	1	21debt	111	3600	1
041612	12:59	1	9zeef	112	5297	4
041612	12:59	1	17burn	113	1956	3
041612	12:59	1	9tafe	114	2848	6
041612	12:59	1	18boy	115	2440	6
041612	12:59	1	17fur	116	2856	5
041612	12:59	1	18wine	117	5207	7
041612	12:59	1	18lamp	118	6438	5
041612	12:59	1	22hip	119	2226	6
041612	12:59	1	22pin	120	6355	3
