041612	13:25	1	speed	1	3401	45
041612	13:25	1	error	2	2572	97
041612	13:25	1	whichhand	3	34031	right
041612	13:25	1	15dirt	1	8872	3
041612	13:25	1	13scum	2	4760	2
041612	13:25	1	10hilp	3	2425	5
041612	13:25	1	22hip	4	2234	6
041612	13:25	1	4spak	5	1891	5
041612	13:25	1	11hiol	6	1546	5
041612	13:25	1	14game	7	2815	7
041612	13:25	1	2zote	8	1664	5
041612	13:25	1	9zeeg	9	1761	5
041612	13:25	1	9zeef	10	1613	5
041612	13:25	1	23joy	11	1975	9
041612	13:25	1	19mind	12	2427	8
041612	13:25	1	15farm	13	2276	4
041612	13:25	1	21ace	14	2442	8
041612	13:25	1	20cat	15	2659	5
041612	13:25	1	16city	16	1826	9
041612	13:25	1	18wine	17	2132	5
041612	13:25	1	12balk	18	1745	5
041612	13:25	1	4slek	19	1366	5
041612	13:25	1	21rat	20	2866	1
041612	13:25	1	10mok	21	1521	5
041612	13:25	1	6zoke	22	3447	6
041612	13:25	1	24olra	23	1318	5
041612	13:25	1	3yeem	24	1284	5
041612	13:25	1	10kop	25	1212	5
041612	13:25	1	8zet	26	2847	5
041612	13:25	1	15part	27	2230	5
041612	13:25	1	8faw	28	1743	5
041612	13:25	1	24deho	29	1380	5
041612	13:25	1	11poom	30	3264	7
041612	13:25	1	6pome	31	2086	5
041612	13:25	1	22limp	32	2462	4
041612	13:25	1	14hat	33	1373	5
041612	13:25	1	1yoze	34	1281	5
041612	13:25	1	6yope	35	1217	5
041612	13:25	1	11kiy	36	5804	5
041612	13:25	1	14pet	37	2083	8
041612	13:25	1	3tofe	38	1233	5
041612	13:25	1	16lamb	39	1227	5
041612	13:25	1	11yoom	40	1213	5
041612	13:25	1	23milk	41	1592	6
041612	13:25	1	16cozy	42	1707	9
041612	13:25	1	24loac	43	1306	5
041612	13:25	1	7noof	44	896	5
041612	13:25	1	7zood	45	872	5
041612	13:25	1	24frol	46	737	5
041612	13:25	1	14mad	47	2055	2
041612	13:25	1	21debt	48	2319	1
041612	13:25	1	10joi	49	1700	5
041612	13:25	1	19shy	50	1467	5
041612	13:25	1	5rorp	51	819	5
041612	13:25	1	1yote	52	1086	5
041612	13:25	1	16rock	53	2254	5
041612	13:25	1	13grin	54	2605	6
041612	13:25	1	20safe	55	1974	8
041612	13:25	1	22mop	56	2082	4
041612	13:25	1	24edop	57	1321	5
041612	13:25	1	13kiss	58	2607	8
041612	13:25	1	5lale	59	1120	5
041612	13:25	1	6fope	60	863	5
041612	13:25	1	3vofe	61	760	5
041612	13:25	1	15rude	62	1485	1
041612	13:25	1	8zers	63	972	5
041612	13:25	1	20war	64	1297	1
041612	13:25	1	18boy	65	5424	7
041612	13:25	1	2pabe	66	2654	5
041612	13:25	1	19foul	67	2725	3
041612	13:25	1	22hop	68	1298	5
041612	13:25	1	2zofe	69	777	5
041612	13:25	1	18hit	70	2158	5
041612	13:25	1	5alak	71	770	5
041612	13:25	1	8saf	72	662	5
041612	13:25	1	21vest	73	624	5
041612	13:25	1	5mepe	74	723	5
041612	13:25	1	18joke	75	3121	8
041612	13:25	1	17fur	76	1229	5
041612	13:25	1	17man	77	1111	5
041612	13:25	1	1mobe	78	1070	5
041612	13:25	1	12pore	79	847	5
041612	13:25	1	23ill	80	1480	1
041612	13:25	1	23nun	81	1377	5
041612	13:25	1	11yoon	82	645	5
041612	13:25	1	20save	83	959	5
041612	13:25	1	17hand	84	1100	5
041612	13:25	1	5rocl	85	684	5
041612	13:25	1	17burn	86	716	5
041612	13:25	1	18lamp	87	883	5
041612	13:25	1	2zoge	88	708	5
041612	13:25	1	2yage	89	675	5
041612	13:25	1	21face	90	1580	6
041612	13:25	1	7doof	91	1024	5
041612	13:25	1	4peks	92	826	5
041612	13:25	1	13kids	93	1812	9
041612	13:25	1	7yoob	94	1711	5
041612	13:25	1	23kin	95	2125	9
041612	13:25	1	14heal	96	1466	9
041612	13:25	1	4pame	97	1155	5
041612	13:25	1	3jeet	98	664	5
041612	13:25	1	1jote	99	737	5
041612	13:25	1	9dafe	100	647	5
041612	13:25	1	16foam	101	2145	8
041612	13:25	1	12balm	102	1614	9
041612	13:25	1	9tafe	103	728	5
041612	13:25	1	4pame	104	575	5
041612	13:25	1	10hok	105	740	5
041612	13:25	1	17sick	106	1314	1
041612	13:25	1	9zade	107	808	5
041612	13:25	1	8resz	108	692	5
041612	13:25	1	19chin	109	1300	5
041612	13:25	1	22pin	110	723	5
041612	13:25	1	6zope	111	658	5
041612	13:25	1	1yove	112	596	5
041612	13:25	1	19kind	113	1376	9
041612	13:25	1	13nice	114	1348	8
041612	13:25	1	20car	115	1497	9
041612	13:25	1	3zape	116	984	5
041612	13:25	1	12slit	117	772	5
041612	13:25	1	12rain	118	1377	9
041612	13:25	1	7toog	119	757	5
041612	13:25	1	15idea	120	1866	8
