041612	13:58	1	speed	1	2712	53
041612	13:58	1	error	2	1072	75
041612	13:58	1	whichhand	3	36920	right
041612	13:58	1	14pet	1	5036	9
041612	13:58	1	7doof	2	3402	6
041612	13:58	1	5lale	3	3131	1
041612	13:58	1	13kiss	4	1871	9
041612	13:58	1	3tofe	5	2199	1
041612	13:58	1	20cat	6	1945	9
041612	13:58	1	8saf	7	1654	1
041612	13:58	1	18boy	8	2726	7
041612	13:58	1	10mok	9	2083	5
041612	13:58	1	6zope	10	2122	9
041612	13:58	1	14hat	11	1783	7
041612	13:58	1	16lamb	12	1451	7
041612	13:58	1	18lamp	13	2740	5
041612	13:58	1	24edop	14	2352	1
041612	13:58	1	1yoze	15	1460	2
041612	13:58	1	4pame	16	1173	2
041612	13:58	1	4peks	17	2969	6
041612	13:58	1	4pame	18	2124	4
041612	13:58	1	8zers	19	1729	1
041612	13:58	1	12rain	20	1534	9
041612	13:58	1	9zeeg	21	2604	1
041612	13:58	1	18wine	22	1573	9
041612	13:58	1	15dirt	23	2553	7
041612	13:58	1	16rock	24	1044	7
041612	13:58	1	16city	25	1870	5
041612	13:58	1	22limp	26	2061	1
041612	13:58	1	5rocl	27	1309	1
041612	13:58	1	9zeef	28	692	1
041612	13:58	1	22pin	29	1572	5
041612	13:58	1	5alak	30	2007	2
041612	13:58	1	13nice	31	1488	5
041612	13:58	1	11poom	32	2112	8
041612	13:58	1	4spak	33	1829	2
041612	13:58	1	23nun	34	2719	5
041612	13:58	1	12balm	35	1084	5
041612	13:58	1	8zet	36	1940	1
041612	13:58	1	6fope	37	1321	1
041612	13:58	1	6zoke	38	1223	1
041612	13:58	1	2zofe	39	793	1
041612	13:58	1	20safe	40	1517	9
041612	13:58	1	3vofe	41	1515	4
041612	13:58	1	7yoob	42	3314	7
041612	13:58	1	3yeem	43	1518	1
041612	13:58	1	5rorp	44	1004	1
041612	13:58	1	15farm	45	2039	8
041612	13:58	1	24frol	46	1408	1
041612	13:58	1	10kop	47	482	1
041612	13:58	1	20save	48	2516	7
041612	13:58	1	2yage	49	2049	1
041612	13:58	1	1jote	50	762	1
041612	13:58	1	11yoom	51	711	1
041612	13:58	1	9dafe	52	510	1
041612	13:58	1	15part	53	1334	5
041612	13:58	1	4slek	54	1996	2
041612	13:58	1	3zape	55	1727	1
041612	13:58	1	10joi	56	2804	5
041612	13:58	1	17man	57	1549	9
041612	13:58	1	12slit	58	2234	1
041612	13:58	1	12pore	59	1972	5
041612	13:58	1	9zade	60	2391	1
041612	13:58	1	19chin	61	1633	5
041612	13:58	1	21debt	62	2115	1
041612	13:58	1	2zoge	63	2057	1
041612	13:58	1	23kin	64	2025	9
041612	13:58	1	12balk	65	1850	3
041612	13:58	1	16cozy	66	1619	9
041612	13:58	1	22mop	67	1580	5
041612	13:58	1	24deho	68	1469	1
041612	13:58	1	7toog	69	942	1
041612	13:58	1	15rude	70	2070	5
041612	13:58	1	13scum	71	2157	5
041612	13:58	1	21vest	72	1161	5
041612	13:58	1	23milk	73	2254	8
041612	13:58	1	18joke	74	1566	9
041612	13:58	1	6yope	75	1738	2
041612	13:58	1	18hit	76	1607	5
041612	13:58	1	2pabe	77	1665	1
041612	13:58	1	9tafe	78	602	1
041612	13:58	1	22hip	79	2621	5
041612	13:58	1	15idea	80	2070	9
041612	13:58	1	20war	81	2509	5
041612	13:58	1	1yote	82	1307	1
041612	13:58	1	17fur	83	2417	8
041612	13:58	1	11hiol	84	1635	2
041612	13:58	1	14mad	85	1812	5
041612	13:58	1	16foam	86	1102	5
041612	13:58	1	21ace	87	1229	5
041612	13:58	1	8faw	88	2079	3
041612	13:58	1	2zote	89	1551	1
041612	13:58	1	24olra	90	756	1
041612	13:58	1	8resz	91	737	1
041612	13:58	1	22hop	92	1527	5
041612	13:58	1	17burn	93	2053	5
041612	13:58	1	24loac	94	1101	1
041612	13:58	1	19shy	95	1652	5
041612	13:58	1	19kind	96	1492	9
041612	13:58	1	19mind	97	1123	9
041612	13:58	1	19foul	98	1994	5
041612	13:58	1	1yove	99	1676	1
041612	13:58	1	21face	100	2524	8
041612	13:58	1	10hok	101	1345	1
041612	13:58	1	13grin	102	1558	9
041612	13:58	1	1mobe	103	1139	4
041612	13:58	1	17sick	104	3352	5
041612	13:58	1	5mepe	105	1347	1
041612	13:58	1	23ill	106	1649	5
041612	13:58	1	14heal	107	1450	9
041612	13:58	1	21rat	108	2531	5
041612	13:58	1	20car	109	2696	9
041612	13:58	1	7zood	110	1421	1
041612	13:58	1	23joy	111	1592	9
041612	13:58	1	6pome	112	1387	2
041612	13:58	1	7noof	113	1038	2
041612	13:58	1	17hand	114	2024	9
041612	13:58	1	13kids	115	1185	9
041612	13:58	1	10hilp	116	2076	2
041612	13:58	1	3jeet	117	1324	1
041612	13:58	1	11yoon	118	994	1
041612	13:58	1	14game	119	1542	9
041612	13:58	1	11kiy	120	1843	3
