041712	15:05	1	speed	1	4423	54
041712	15:05	1	error	2	2248	88
041712	15:05	1	whichhand	3	9378	right
041712	15:05	1	23nun	1	15501	4
041712	15:05	1	16rock	2	9917	3
041712	15:05	1	8saf	3	3563	2
041712	15:05	1	23joy	4	2325	9
041712	15:05	1	15part	5	2906	5
041712	15:05	1	7doof	6	3551	2
041712	15:05	1	18hit	7	3594	2
041712	15:05	1	20war	8	3691	1
041712	15:05	1	17sick	9	1992	1
041712	15:05	1	3vofe	10	3890	5
041712	15:05	1	9zeef	11	1975	2
041712	15:05	1	18lamp	12	4458	6
041712	15:05	1	2zote	13	2536	2
041712	15:05	1	23ill	14	6284	3
041712	15:05	1	5rocl	15	5750	3
041712	15:05	1	9tafe	16	5247	2
041712	15:05	1	17burn	17	3884	2
041712	15:05	1	8resz	18	4289	1
041712	15:05	1	20safe	19	1902	8
041712	15:05	1	21debt	20	3180	1
041712	15:05	1	20cat	21	1854	9
041712	15:05	1	19shy	22	2654	2
041712	15:05	1	22hip	23	4197	8
041712	15:05	1	24loac	24	6261	5
041712	15:05	1	8zers	25	4641	3
041712	15:05	1	5lale	26	2999	5
041712	15:05	1	1yove	27	4736	3
041712	15:05	1	22pin	28	4819	5
041712	15:05	1	11kiy	29	4906	6
041712	15:05	1	15dirt	30	4628	3
041712	15:05	1	19mind	31	3203	6
041712	15:05	1	3jeet	32	2876	7
041712	15:05	1	5alak	33	5458	4
041712	15:05	1	16lamb	34	7278	4
041712	15:05	1	23kin	35	4464	6
041712	15:05	1	9dafe	36	3173	4
041712	15:05	1	14heal	37	2823	7
041712	15:05	1	13kiss	38	2248	9
041712	15:05	1	18boy	39	2680	5
041712	15:05	1	6zope	40	2663	7
041712	15:05	1	20save	41	1598	8
041712	15:05	1	10hok	42	2705	5
041712	15:05	1	4slek	43	1470	2
041712	15:05	1	6zoke	44	5070	6
041712	15:05	1	22limp	45	2755	7
041712	15:05	1	8faw	46	8436	3
041712	15:05	1	3zape	47	3278	4
041712	15:05	1	18joke	48	2412	9
041712	15:05	1	7noof	49	1806	7
041712	15:05	1	1yoze	50	3192	3
041712	15:05	1	7zood	51	2945	2
041712	15:05	1	15idea	52	2789	6
041712	15:05	1	1yote	53	2311	4
041712	15:05	1	11hiol	54	2221	2
041712	15:05	1	11yoom	55	3662	4
041712	15:05	1	2yage	56	1676	3
041712	15:05	1	12balm	57	3067	6
041712	15:05	1	19chin	58	2354	6
041712	15:05	1	13nice	59	2014	8
041712	15:05	1	21vest	60	5336	5
041712	15:05	1	24edop	61	2386	3
041712	15:05	1	6pome	62	3036	5
041712	15:05	1	3tofe	63	2035	4
041712	15:05	1	11poom	64	4355	5
041712	15:05	1	13scum	65	2094	2
041712	15:05	1	15rude	66	1924	1
041712	15:05	1	18wine	67	3561	9
041712	15:05	1	4peks	68	3188	3
041712	15:05	1	2zofe	69	1213	2
041712	15:05	1	17man	70	3088	5
041712	15:05	1	23milk	71	2189	7
041712	15:05	1	19foul	72	2168	3
041712	15:05	1	2pabe	73	2732	3
041712	15:05	1	8zet	74	1904	3
041712	15:05	1	12balk	75	2614	4
041712	15:05	1	13grin	76	1784	8
041712	15:05	1	10mok	77	3347	2
041712	15:05	1	5mepe	78	3854	3
041712	15:05	1	10hilp	79	5389	3
041712	15:05	1	21rat	80	2107	2
041712	15:05	1	24olra	81	3441	3
041712	15:05	1	22mop	82	2624	4
041712	15:05	1	2zoge	83	1953	3
041712	15:05	1	14pet	84	1869	8
041712	15:05	1	12rain	85	2061	7
041712	15:05	1	9zade	86	1893	3
041712	15:05	1	21ace	87	2659	7
041712	15:05	1	6fope	88	2011	4
041712	15:05	1	21face	89	2453	6
041712	15:05	1	10kop	90	1988	3
041712	15:05	1	4spak	91	2215	3
041712	15:05	1	15farm	92	1545	6
041712	15:05	1	16cozy	93	2406	9
041712	15:05	1	1mobe	94	1847	5
041712	15:05	1	24frol	95	1201	4
041712	15:05	1	9zeeg	96	1179	3
041712	15:05	1	6yope	97	2696	3
041712	15:05	1	14mad	98	2309	1
041712	15:05	1	24deho	99	3427	4
041712	15:05	1	1jote	100	2475	3
041712	15:05	1	14game	101	1705	8
041712	15:05	1	22hop	102	2768	7
041712	15:05	1	17hand	103	1867	6
041712	15:05	1	12pore	104	2339	6
041712	15:05	1	16city	105	1823	6
041712	15:05	1	3yeem	106	1713	3
041712	15:05	1	11yoon	107	1879	2
041712	15:05	1	19kind	108	1791	8
041712	15:05	1	5rorp	109	4650	3
041712	15:05	1	4pame	110	2783	3
041712	15:05	1	7yoob	111	1498	3
041712	15:05	1	17fur	112	1681	7
041712	15:05	1	20car	113	1729	6
041712	15:05	1	13kids	114	1798	7
041712	15:05	1	10joi	115	1777	7
041712	15:05	1	16foam	116	1557	6
041712	15:05	1	12slit	117	2297	2
041712	15:05	1	7toog	118	3384	2
041712	15:05	1	14hat	119	1297	6
041712	15:05	1	4pame	120	4681	5
