041712	15:23	3	speed	1	10397	59
041712	15:23	3	error	2	25994	89
041712	15:23	3	whichhand	3	5719	right
041712	15:23	3	24edop	1	3361	5
041712	15:23	3	13grin	2	1908	9
041712	15:23	3	2yage	3	1618	5
041712	15:23	3	11yoon	4	1628	5
041712	15:23	3	10hok	5	1846	5
041712	15:23	3	15farm	6	1895	7
041712	15:23	3	8saf	7	1510	5
041712	15:23	3	23joy	8	1653	9
041712	15:23	3	20car	9	2221	8
041712	15:23	3	19kind	10	1055	8
041712	15:23	3	14hat	11	1248	9
041712	15:23	3	9zade	12	1641	5
041712	15:23	3	8zers	13	699	5
041712	15:23	3	14mad	14	1707	1
041712	15:23	3	7zood	15	2337	5
041712	15:23	3	6zope	16	1718	5
041712	15:23	3	13nice	17	1260	9
041712	15:23	3	16foam	18	3013	4
041712	15:23	3	10kop	19	782	5
041712	15:23	3	4peks	20	835	5
041712	15:23	3	8resz	21	877	5
041712	15:23	3	20war	22	2110	9
041712	15:23	3	6fope	23	3108	5
041712	15:23	3	12balm	24	4105	5
041712	15:23	3	3tofe	25	757	5
041712	15:23	3	12pore	26	2610	6
041712	15:23	3	12rain	27	1228	7
041712	15:23	3	16cozy	28	1278	8
041712	15:23	3	8zet	29	1623	5
041712	15:23	3	4pame	30	1329	5
041712	15:23	3	22limp	31	3831	2
041712	15:23	3	22hop	32	2375	3
041712	15:23	3	5rocl	33	1090	5
041712	15:23	3	16rock	34	2370	8
041712	15:23	3	18boy	35	1621	9
041712	15:23	3	12balk	36	1519	8
041712	15:23	3	24olra	37	1221	5
041712	15:23	3	5mepe	38	647	5
041712	15:23	3	9zeef	39	737	5
041712	15:23	3	17burn	40	2056	8
041712	15:23	3	7yoob	41	808	5
041712	15:23	3	4slek	42	587	5
041712	15:23	3	21rat	43	1895	3
041712	15:23	3	8faw	44	3726	5
041712	15:23	3	5lale	45	1187	5
041712	15:23	3	5alak	46	766	5
041712	15:23	3	1mobe	47	2947	5
041712	15:23	3	16city	48	1615	9
041712	15:23	3	6pome	49	1810	5
041712	15:23	3	17hand	50	1644	9
041712	15:23	3	3zape	51	782	5
041712	15:23	3	11yoom	52	730	5
041712	15:23	3	23milk	53	1337	9
041712	15:23	3	11hiol	54	975	5
041712	15:23	3	3vofe	55	652	5
041712	15:23	3	24deho	56	893	5
041712	15:23	3	7toog	57	1941	5
041712	15:23	3	12slit	58	2026	4
041712	15:23	3	15dirt	59	1724	7
041712	15:23	3	1jote	60	1457	5
041712	15:23	3	15rude	61	2402	2
041712	15:23	3	10mok	62	1028	5
041712	15:23	3	17sick	63	1375	1
041712	15:23	3	10hilp	64	2731	5
041712	15:23	3	2zoge	65	776	5
041712	15:23	3	13kiss	66	1540	9
041712	15:23	3	7doof	67	1314	5
041712	15:23	3	14game	68	1265	9
041712	15:23	3	19shy	69	5130	6
041712	15:23	3	3yeem	70	1740	5
041712	15:23	3	18lamp	71	2441	9
041712	15:23	3	11poom	72	1106	5
041712	15:23	3	4pame	73	881	5
041712	15:23	3	3jeet	74	1682	5
041712	15:23	3	22hip	75	1889	9
041712	15:23	3	1yote	76	976	5
041712	15:23	3	20safe	77	3365	6
041712	15:23	3	21vest	78	1800	7
041712	15:23	3	22pin	79	4403	7
041712	15:23	3	19mind	80	1363	9
041712	15:23	3	2zote	81	816	5
041712	15:23	3	23kin	82	1452	9
041712	15:23	3	23ill	83	2005	1
041712	15:23	3	9zeeg	84	751	5
041712	15:23	3	5rorp	85	956	5
041712	15:23	3	18hit	86	1450	9
041712	15:23	3	14pet	87	1203	9
041712	15:23	3	13scum	88	2326	2
041712	15:23	3	2pabe	89	1251	5
041712	15:23	3	18wine	90	1092	9
041712	15:23	3	2zofe	91	852	5
041712	15:23	3	21face	92	3726	9
041712	15:23	3	24frol	93	1001	5
041712	15:23	3	9dafe	94	1461	5
041712	15:23	3	15idea	95	1182	9
041712	15:23	3	19chin	96	1218	8
041712	15:23	3	20cat	97	1428	1
041712	15:23	3	9tafe	98	1198	5
041712	15:23	3	14heal	99	2522	4
041712	15:23	3	13kids	100	1591	1
041712	15:23	3	21ace	101	1554	9
041712	15:23	3	23nun	102	1711	7
041712	15:23	3	19foul	103	2157	9
041712	15:23	3	21debt	104	2858	9
041712	15:23	3	15part	105	2009	8
041712	15:23	3	6yope	106	1235	5
041712	15:23	3	11kiy	107	685	5
041712	15:23	3	16lamb	108	2485	7
041712	15:23	3	24loac	109	772	5
041712	15:23	3	22mop	110	3497	2
041712	15:23	3	17fur	111	1758	9
041712	15:23	3	20save	112	1155	9
041712	15:23	3	7noof	113	1152	5
041712	15:23	3	4spak	114	845	5
041712	15:23	3	1yove	115	695	5
041712	15:23	3	17man	116	1256	9
041712	15:23	3	6zoke	117	1208	5
041712	15:23	3	1yoze	118	587	5
041712	15:23	3	18joke	119	1544	8
041712	15:23	3	10joi	120	709	5
