041712	16:29	5	speed	1	5211	41
041712	16:29	5	error	2	4181	100
041712	16:29	5	whichhand	3	9767	Right Hand
041712	16:29	5	17sick	1	17673	5
041712	16:29	5	20save	2	9256	6
041712	16:29	5	18joke	3	3464	6
041712	16:29	5	3yeem	4	3823	4
041712	16:29	5	7doof	5	3934	5
041712	16:29	5	16cozy	6	3305	7
041712	16:29	5	19chin	7	2758	5
041712	16:29	5	9zeef	8	2329	4
041712	16:29	5	16foam	9	2302	5
041712	16:29	5	14hat	10	4172	5
041712	16:29	5	24olra	11	3173	4
041712	16:29	5	17fur	12	5239	8
041712	16:29	5	14game	13	2836	9
041712	16:29	5	8zers	14	2643	4
041712	16:29	5	22pin	15	2316	8
041712	16:29	5	9tafe	16	3753	5
041712	16:29	5	9zeeg	17	3260	3
041712	16:29	5	12pore	18	2499	8
041712	16:29	5	21rat	19	2193	7
041712	16:29	5	22mop	20	4059	6
041712	16:29	5	23milk	21	4833	7
041712	16:29	5	10mok	22	3863	5
041712	16:29	5	15rude	23	8773	4
041712	16:29	5	19mind	24	4450	7
041712	16:29	5	23kin	25	3056	6
041712	16:29	5	3tofe	26	4199	3
041712	16:29	5	1yoze	27	3223	4
041712	16:29	5	7noof	28	2327	5
041712	16:29	5	12balk	29	4932	4
041712	16:29	5	6zope	30	3070	5
041712	16:29	5	8saf	31	9804	4
041712	16:29	5	9zade	32	4327	5
041712	16:29	5	5rorp	33	3089	2
041712	16:29	5	11yoom	34	4239	5
041712	16:29	5	18boy	35	1997	7
041712	16:29	5	15idea	36	2488	8
041712	16:29	5	1jote	37	4342	4
041712	16:29	5	13kids	38	3904	7
041712	16:29	5	2pabe	39	7388	5
041712	16:29	5	2zote	40	7273	4
041712	16:29	5	21face	41	2972	7
041712	16:29	5	24loac	42	4062	3
041712	16:29	5	6zoke	43	2516	4
041712	16:29	5	5lale	44	5841	5
041712	16:29	5	20safe	45	3734	9
041712	16:29	5	20war	46	2905	5
041712	16:29	5	16rock	47	3150	5
041712	16:29	5	11yoon	48	3858	6
041712	16:29	5	17hand	49	2096	7
041712	16:29	5	13grin	50	2030	7
041712	16:29	5	12balm	51	6335	6
041712	16:29	5	20car	52	3000	5
041712	16:29	5	12rain	53	2065	7
041712	16:29	5	2zofe	54	6601	4
041712	16:29	5	21ace	55	4192	7
041712	16:29	5	12slit	56	4967	6
041712	16:29	5	23joy	57	4296	8
041712	16:29	5	13scum	58	3476	4
041712	16:29	5	13kiss	59	3218	7
041712	16:29	5	14heal	60	1827	7
041712	16:29	5	5mepe	61	4140	4
041712	16:29	5	3vofe	62	3431	3
041712	16:29	5	23nun	63	2910	5
041712	16:29	5	11kiy	64	5956	5
041712	16:29	5	19kind	65	4028	7
041712	16:29	5	2zoge	66	5067	5
041712	16:29	5	21debt	67	3800	4
041712	16:29	5	15part	68	6088	6
041712	16:29	5	11hiol	69	4363	3
041712	16:29	5	16city	70	5709	7
041712	16:29	5	8zet	71	3743	7
041712	16:29	5	7toog	72	3290	6
041712	16:29	5	22hip	73	2783	7
041712	16:29	5	22limp	74	4625	5
041712	16:29	5	10hok	75	5352	4
041712	16:29	5	16lamb	76	4505	6
041712	16:29	5	6yope	77	3852	5
041712	16:29	5	4peks	78	6059	5
041712	16:29	5	3jeet	79	3550	4
041712	16:29	5	19foul	80	2689	6
041712	16:29	5	5alak	81	3215	5
041712	16:29	5	18lamp	82	2544	6
041712	16:29	5	22hop	83	4604	5
041712	16:29	5	3zape	84	3700	6
041712	16:29	5	11poom	85	5241	7
041712	16:29	5	5rocl	86	2206	4
041712	16:29	5	14mad	87	2063	6
041712	16:29	5	10kop	88	4351	5
041712	16:29	5	24deho	89	4961	4
041712	16:29	5	4pame	90	5946	6
041712	16:29	5	20cat	91	1963	7
041712	16:29	5	1yove	92	3663	4
041712	16:29	5	15dirt	93	5453	4
041712	16:29	5	17man	94	1842	5
041712	16:29	5	13nice	95	2619	8
041712	16:29	5	4spak	96	7780	3
041712	16:29	5	24frol	97	2369	3
041712	16:29	5	4pame	98	6156	5
041712	16:29	5	4slek	99	2811	4
041712	16:29	5	1mobe	100	6645	5
041712	16:29	5	23ill	101	4544	5
041712	16:29	5	18hit	102	4922	4
041712	16:29	5	6pome	103	9092	5
041712	16:29	5	10joi	104	7052	6
041712	16:29	5	1yote	105	4695	5
041712	16:29	5	14pet	106	7547	7
041712	16:29	5	8resz	107	3025	3
041712	16:29	5	2yage	108	11266	4
041712	16:29	5	18wine	109	2232	7
041712	16:29	5	9dafe	110	8065	5
041712	16:29	5	6fope	111	3834	6
041712	16:29	5	8faw	112	2713	6
041712	16:29	5	7yoob	113	3911	4
041712	16:29	5	15farm	114	2235	7
041712	16:29	5	19shy	115	1916	7
041712	16:29	5	7zood	116	2722	5
041712	16:29	5	17burn	117	3126	7
041712	16:29	5	24edop	118	4163	5
041712	16:29	5	10hilp	119	3156	4
041712	16:29	5	21vest	120	1799	6
