041712	17:25	6	speed	1	4060	66
041712	17:25	6	error	2	2676	98
041712	17:25	6	whichhand	3	9491	Right hand
041712	17:25	6	17man	1	14554	6
041712	17:25	6	18boy	2	6913	5
041712	17:25	6	12balk	3	7146	3
041712	17:25	6	8zers	4	10371	3
041712	17:25	6	13kiss	5	3148	9
041712	17:25	6	7zood	6	5655	6
041712	17:25	6	9zeef	7	3748	5
041712	17:25	6	11yoom	8	4095	5
041712	17:25	6	22mop	9	2251	4
041712	17:25	6	7doof	10	3484	4
041712	17:25	6	15idea	11	2042	7
041712	17:25	6	21face	12	3546	8
041712	17:25	6	24loac	13	3717	8
041712	17:25	6	1yote	14	3913	6
041712	17:25	6	2yage	15	5989	7
041712	17:25	6	11hiol	16	4028	4
041712	17:25	6	5alak	17	5075	2
041712	17:25	6	16rock	18	2543	5
041712	17:25	6	6zoke	19	2739	4
041712	17:25	6	21rat	20	3511	3
041712	17:25	6	24frol	21	7747	4
041712	17:25	6	12slit	22	2754	2
041712	17:25	6	23ill	23	2037	4
041712	17:25	6	5lale	24	1750	5
041712	17:25	6	9dafe	25	3266	5
041712	17:25	6	3tofe	26	2217	5
041712	17:25	6	18hit	27	3699	7
041712	17:25	6	4spak	28	1864	4
041712	17:25	6	14pet	29	2496	9
041712	17:25	6	15part	30	2630	8
041712	17:25	6	19shy	31	2327	6
041712	17:25	6	16foam	32	1852	6
041712	17:25	6	9zade	33	3628	5
041712	17:25	6	12balm	34	2251	7
041712	17:25	6	21debt	35	8324	2
041712	17:25	6	10kop	36	2019	3
041712	17:25	6	16cozy	37	1812	9
041712	17:25	6	11kiy	38	3574	5
041712	17:25	6	23joy	39	1168	9
041712	17:25	6	18joke	40	2092	9
041712	17:25	6	19foul	41	2547	2
041712	17:25	6	11poom	42	2007	3
041712	17:25	6	3vofe	43	2129	4
041712	17:25	6	17fur	44	1758	7
041712	17:25	6	14mad	45	1850	1
041712	17:25	6	5rocl	46	2203	2
041712	17:25	6	14heal	47	1725	9
041712	17:25	6	13nice	48	1795	9
041712	17:25	6	2zote	49	3926	5
041712	17:25	6	15farm	50	1521	6
041712	17:25	6	20cat	51	3303	4
041712	17:25	6	13grin	52	4012	7
041712	17:25	6	7toog	53	1444	5
041712	17:25	6	10mok	54	1885	4
041712	17:25	6	6fope	55	4004	3
041712	17:25	6	23kin	56	2388	8
041712	17:25	6	10hok	57	1878	4
041712	17:25	6	6yope	58	2589	4
041712	17:25	6	1mobe	59	3375	5
041712	17:25	6	15dirt	60	3025	3
041712	17:25	6	3yeem	61	7186	1
041712	17:25	6	13kids	62	2535	5
041712	17:25	6	15rude	63	2724	4
041712	17:25	6	18lamp	64	1232	5
041712	17:25	6	14game	65	2355	7
041712	17:25	6	20save	66	2678	9
041712	17:25	6	8zet	67	3373	6
041712	17:25	6	17sick	68	1783	4
041712	17:25	6	7yoob	69	2882	2
041712	17:25	6	4slek	70	2177	1
041712	17:25	6	9tafe	71	3796	3
041712	17:25	6	5mepe	72	3357	4
041712	17:25	6	17burn	73	4704	2
041712	17:25	6	7noof	74	1587	5
041712	17:25	6	4pame	75	2262	5
041712	17:25	6	10hilp	76	4030	4
041712	17:25	6	21ace	77	1653	9
041712	17:25	6	13scum	78	3013	3
041712	17:25	6	22hip	79	3478	9
041712	17:25	6	20safe	80	1908	9
041712	17:25	6	20car	81	1570	9
041712	17:25	6	22pin	82	6430	6
041712	17:25	6	22hop	83	1602	6
041712	17:25	6	2zofe	84	3109	4
041712	17:25	6	11yoon	85	1249	4
041712	17:25	6	2pabe	86	6347	3
041712	17:25	6	19mind	87	2403	8
041712	17:25	6	23milk	88	2724	6
041712	17:25	6	6zope	89	1185	5
041712	17:25	6	12rain	90	1772	9
041712	17:25	6	4peks	91	2400	8
041712	17:25	6	1yove	92	5243	5
041712	17:25	6	16city	93	1679	9
041712	17:25	6	6pome	94	3119	4
041712	17:25	6	12pore	95	1924	5
041712	17:25	6	19chin	96	1193	5
041712	17:25	6	5rorp	97	1821	1
041712	17:25	6	4pame	98	3791	4
041712	17:25	6	17hand	99	2047	9
041712	17:25	6	24deho	100	1936	5
041712	17:25	6	22limp	101	4125	2
041712	17:25	6	20war	102	2296	1
041712	17:25	6	3jeet	103	2886	4
041712	17:25	6	23nun	104	1915	5
041712	17:25	6	9zeeg	105	5593	6
041712	17:25	6	8faw	106	4512	4
041712	17:25	6	3zape	107	3035	3
041712	17:25	6	8resz	108	2675	5
041712	17:25	6	24olra	109	4306	6
041712	17:25	6	2zoge	110	1261	5
041712	17:25	6	21vest	111	2214	7
041712	17:25	6	16lamb	112	1544	7
041712	17:25	6	1jote	113	1669	5
041712	17:25	6	8saf	114	1541	5
041712	17:25	6	24edop	115	4050	6
041712	17:25	6	19kind	116	1432	9
041712	17:25	6	1yoze	117	2194	6
041712	17:25	6	14hat	118	2341	5
041712	17:25	6	18wine	119	1265	9
041712	17:25	6	10joi	120	1242	9
