041712	15:22	2	speed	1	4520	69
041712	15:22	2	error	2	10221	84
041712	15:22	2	whichhand	3	11391	right
041712	15:22	2	14heal	1	6860	7
041712	15:22	2	4slek	2	9070	4
041712	15:22	2	18hit	3	7183	4
041712	15:22	2	8saf	4	2468	5
041712	15:22	2	9dafe	5	7020	4
041712	15:22	2	3jeet	6	4456	5
041712	15:22	2	15part	7	4334	5
041712	15:22	2	19chin	8	2904	4
041712	15:22	2	15rude	9	3453	2
041712	15:22	2	7zood	10	7156	6
041712	15:22	2	9zade	11	6283	5
041712	15:22	2	21rat	12	4126	3
041712	15:22	2	2yage	13	4433	5
041712	15:22	2	23joy	14	3215	9
041712	15:22	2	20cat	15	3360	4
041712	15:22	2	18joke	16	2675	8
041712	15:22	2	13grin	17	2329	6
041712	15:22	2	1jote	18	2926	5
041712	15:22	2	17fur	19	1978	6
041712	15:22	2	23nun	20	3414	5
041712	15:22	2	21face	21	2598	6
041712	15:22	2	9zeeg	22	3320	5
041712	15:22	2	11yoom	23	4212	6
041712	15:22	2	14mad	24	4692	1
041712	15:22	2	12rain	25	3175	6
041712	15:22	2	21ace	26	1898	7
041712	15:22	2	9zeef	27	4352	5
041712	15:22	2	8zers	28	2722	6
041712	15:22	2	7doof	29	7959	5
041712	15:22	2	17man	30	2349	5
041712	15:22	2	17hand	31	1824	5
041712	15:22	2	10kop	32	1714	5
041712	15:22	2	11poom	33	2576	4
041712	15:22	2	16cozy	34	1747	8
041712	15:22	2	5mepe	35	2408	5
041712	15:22	2	11hiol	36	1873	5
041712	15:22	2	22limp	37	1793	3
041712	15:22	2	3zape	38	3228	4
041712	15:22	2	18wine	39	4476	6
041712	15:22	2	23milk	40	1568	7
041712	15:22	2	12pore	41	4828	5
041712	15:22	2	14hat	42	3426	5
041712	15:22	2	22hip	43	1410	5
041712	15:22	2	20safe	44	1445	6
041712	15:22	2	8faw	45	1814	5
041712	15:22	2	13scum	46	1408	3
041712	15:22	2	3yeem	47	4059	5
041712	15:22	2	6pome	48	3865	5
041712	15:22	2	20car	49	2607	6
041712	15:22	2	24frol	50	1264	5
041712	15:22	2	12slit	51	4785	2
041712	15:22	2	7yoob	52	4065	6
041712	15:22	2	24loac	53	1351	5
041712	15:22	2	1mobe	54	2076	5
041712	15:22	2	3tofe	55	1875	5
041712	15:22	2	19foul	56	2034	4
041712	15:22	2	10hilp	57	1268	5
041712	15:22	2	4peks	58	2748	5
041712	15:22	2	13kiss	59	1528	8
041712	15:22	2	24olra	60	2077	5
041712	15:22	2	4spak	61	1973	4
041712	15:22	2	8zet	62	1992	5
041712	15:22	2	2pabe	63	3931	5
041712	15:22	2	4pame	64	1310	5
041712	15:22	2	15farm	65	2117	7
041712	15:22	2	20save	66	1619	6
041712	15:22	2	17burn	67	1332	4
041712	15:22	2	15dirt	68	1594	4
041712	15:22	2	2zote	69	1166	5
041712	15:22	2	22pin	70	1746	5
041712	15:22	2	19mind	71	1191	6
041712	15:22	2	11kiy	72	1147	5
041712	15:22	2	9tafe	73	1233	5
041712	15:22	2	24edop	74	1459	5
041712	15:22	2	6zoke	75	1051	5
041712	15:22	2	5lale	76	2180	5
041712	15:22	2	18lamp	77	1583	5
041712	15:22	2	6zope	78	971	5
041712	15:22	2	14game	79	1928	6
041712	15:22	2	16rock	80	1573	5
041712	15:22	2	7toog	81	1177	5
041712	15:22	2	12balk	82	3357	6
041712	15:22	2	16city	83	1216	6
041712	15:22	2	22hop	84	1243	5
041712	15:22	2	2zoge	85	1076	5
041712	15:22	2	4pame	86	1044	5
041712	15:22	2	23kin	87	1494	7
041712	15:22	2	13nice	88	1661	8
041712	15:22	2	5alak	89	1118	5
041712	15:22	2	5rocl	90	1244	5
041712	15:22	2	17sick	91	2013	3
041712	15:22	2	16foam	92	1896	6
041712	15:22	2	15idea	93	1382	8
041712	15:22	2	18boy	94	1506	5
041712	15:22	2	11yoon	95	2513	5
041712	15:22	2	19kind	96	1390	7
041712	15:22	2	8resz	97	954	5
041712	15:22	2	6fope	98	975	5
041712	15:22	2	13kids	99	1715	5
041712	15:22	2	22mop	100	3058	5
041712	15:22	2	19shy	101	2232	4
041712	15:22	2	5rorp	102	1914	5
041712	15:22	2	6yope	103	1576	5
041712	15:22	2	3vofe	104	723	5
041712	15:22	2	10mok	105	866	5
041712	15:22	2	21vest	106	2323	5
041712	15:22	2	1yove	107	848	5
041712	15:22	2	10hok	108	906	5
041712	15:22	2	7noof	109	705	5
041712	15:22	2	21debt	110	1817	2
041712	15:22	2	10joi	111	3971	6
041712	15:22	2	12balm	112	1932	5
041712	15:22	2	1yote	113	1058	5
041712	15:22	2	23ill	114	1283	3
041712	15:22	2	14pet	115	1363	6
041712	15:22	2	16lamb	116	3080	6
041712	15:22	2	24deho	117	934	5
041712	15:22	2	1yoze	118	1228	5
041712	15:22	2	2zofe	119	982	5
041712	15:22	2	20war	120	2298	2
