041812	13:02	1	speed	1	1691	45
041812	13:02	1	error	2	1356	95
041812	13:02	1	whichhand	3	34201	Right
041812	13:02	1	14pet	1	3164	7
041812	13:02	1	19mind	2	2711	6
041812	13:02	1	4pame	3	1716	4
041812	13:02	1	16lamb	4	1603	7
041812	13:02	1	6fope	5	1517	3
041812	13:02	1	2zofe	6	1172	3
041812	13:02	1	8zet	7	1160	3
041812	13:02	1	22mop	8	2021	3
041812	13:02	1	19shy	9	3086	5
041812	13:02	1	8saf	10	1939	4
041812	13:02	1	5lale	11	2104	3
041812	13:02	1	14heal	12	1630	7
041812	13:02	1	7zood	13	2152	2
041812	13:02	1	11yoon	14	1220	2
041812	13:02	1	24frol	15	1054	2
041812	13:02	1	19foul	16	1687	2
041812	13:02	1	20save	17	1614	6
041812	13:02	1	15idea	18	1032	6
041812	13:02	1	12slit	19	1619	4
041812	13:02	1	22limp	20	2300	3
041812	13:02	1	6pome	21	1603	3
041812	13:02	1	4spak	22	1125	3
041812	13:02	1	5rorp	23	1819	3
041812	13:02	1	18lamp	24	1661	5
041812	13:02	1	1jote	25	1501	4
041812	13:02	1	13nice	26	2892	6
041812	13:02	1	16cozy	27	2697	7
041812	13:02	1	22hop	28	2495	5
041812	13:02	1	15rude	29	2893	4
041812	13:02	1	17hand	30	1859	6
041812	13:02	1	23milk	31	6051	7
041812	13:02	1	10mok	32	1351	4
041812	13:02	1	15part	33	3236	5
041812	13:02	1	12pore	34	1716	4
041812	13:02	1	21rat	35	1418	3
041812	13:02	1	14hat	36	1500	5
041812	13:02	1	20war	37	4539	4
041812	13:02	1	24olra	38	1573	4
041812	13:02	1	12rain	39	2225	7
041812	13:02	1	17fur	40	1666	6
041812	13:02	1	11hiol	41	2731	5
041812	13:02	1	6yope	42	895	5
041812	13:02	1	2yage	43	1575	5
041812	13:02	1	20cat	44	2051	5
041812	13:02	1	20safe	45	1331	6
041812	13:02	1	21debt	46	2881	5
041812	13:02	1	3jeet	47	2104	4
041812	13:02	1	1yoze	48	1822	4
041812	13:02	1	6zope	49	4487	3
041812	13:02	1	11yoom	50	4628	3
041812	13:02	1	21face	51	1114	6
041812	13:02	1	11poom	52	1617	3
041812	13:02	1	4slek	53	2292	3
041812	13:02	1	13kids	54	2170	6
041812	13:02	1	5rocl	55	1285	4
041812	13:02	1	7noof	56	725	4
041812	13:02	1	5alak	57	1683	4
041812	13:02	1	10joi	58	1811	4
041812	13:02	1	7toog	59	1549	4
041812	13:02	1	21vest	60	1650	5
041812	13:02	1	15dirt	61	1363	6
041812	13:02	1	9dafe	62	1216	5
041812	13:02	1	1mobe	63	1139	5
041812	13:02	1	17man	64	1696	6
041812	13:02	1	3zape	65	1415	4
041812	13:02	1	2zoge	66	1018	4
041812	13:02	1	22hip	67	2837	5
041812	13:02	1	23kin	68	1284	4
041812	13:02	1	10kop	69	2628	4
041812	13:02	1	12balk	70	1460	4
041812	13:02	1	6zoke	71	3637	4
041812	13:02	1	4pame	72	1500	4
041812	13:02	1	7doof	73	2139	4
041812	13:02	1	18joke	74	2455	5
041812	13:02	1	17burn	75	2806	5
041812	13:02	1	2zote	76	1992	5
041812	13:02	1	2pabe	77	1763	5
041812	13:02	1	23joy	78	1983	6
041812	13:02	1	24loac	79	2890	4
041812	13:02	1	16city	80	1176	6
041812	13:02	1	16foam	81	1668	7
041812	13:02	1	17sick	82	1791	5
041812	13:02	1	20car	83	1662	6
041812	13:02	1	9tafe	84	1678	4
041812	13:02	1	18wine	85	2278	6
041812	13:02	1	18boy	86	1773	6
041812	13:02	1	9zeef	87	4529	5
041812	13:02	1	23ill	88	2331	4
041812	13:02	1	10hok	89	1168	4
041812	13:02	1	8faw	90	1436	4
041812	13:02	1	7yoob	91	1917	4
041812	13:02	1	8resz	92	1252	4
041812	13:02	1	22pin	93	1468	5
041812	13:02	1	1yote	94	1604	5
041812	13:02	1	13scum	95	5935	4
041812	13:02	1	23nun	96	5672	5
041812	13:02	1	13kiss	97	2060	6
041812	13:02	1	3vofe	98	5716	4
041812	13:02	1	14game	99	1530	5
041812	13:02	1	18hit	100	3587	5
041812	13:02	1	1yove	101	964	5
041812	13:02	1	14mad	102	4185	6
041812	13:02	1	10hilp	103	1530	4
041812	13:02	1	19chin	104	2728	6
041812	13:02	1	9zade	105	1917	4
041812	13:02	1	5mepe	106	1203	4
041812	13:02	1	24edop	107	1974	4
041812	13:02	1	11kiy	108	953	4
041812	13:02	1	8zers	109	3006	4
041812	13:02	1	21ace	110	2487	6
041812	13:02	1	19kind	111	3229	6
041812	13:02	1	16rock	112	1013	6
041812	13:02	1	3yeem	113	952	5
041812	13:02	1	15farm	114	4229	6
041812	13:02	1	9zeeg	115	1076	4
041812	13:02	1	24deho	116	909	4
041812	13:02	1	13grin	117	5924	6
041812	13:02	1	4peks	118	1261	4
041812	13:02	1	12balm	119	3366	5
041812	13:02	1	3tofe	120	1688	4
