041912	15:28	5	speed	1	4717	42
041912	15:28	5	error	2	3602	100
041912	15:28	5	whichhand	3	5234	right
041912	15:28	5	4slek	1	11228	4
041912	15:28	5	13kids	2	3796	6
041912	15:28	5	1mobe	3	7860	6
041912	15:28	5	12balk	4	3486	7
041912	15:28	5	10hok	5	3412	3
041912	15:28	5	22hip	6	2556	6
041912	15:28	5	8saf	7	2087	3
041912	15:28	5	18wine	8	2798	7
041912	15:28	5	7noof	9	2144	6
041912	15:28	5	24deho	10	2868	6
041912	15:28	5	24edop	11	1907	7
041912	15:28	5	1yoze	12	2505	4
041912	15:28	5	20war	13	2567	7
041912	15:28	5	11hiol	14	2746	3
041912	15:28	5	8zers	15	3558	6
041912	15:28	5	11yoom	16	1728	8
041912	15:28	5	14pet	17	1934	7
041912	15:28	5	16cozy	18	2427	7
041912	15:28	5	5rorp	19	2029	3
041912	15:28	5	9tafe	20	2517	6
041912	15:28	5	3vofe	21	1683	3
041912	15:28	5	23nun	22	2395	5
041912	15:28	5	7doof	23	3885	6
041912	15:28	5	11yoon	24	2442	7
041912	15:28	5	3zape	25	2082	5
041912	15:28	5	13nice	26	1513	6
041912	15:28	5	18lamp	27	2232	7
041912	15:28	5	8faw	28	1697	6
041912	15:28	5	14mad	29	2040	5
041912	15:28	5	6fope	30	1961	6
041912	15:28	5	18boy	31	1789	5
041912	15:28	5	20safe	32	1728	6
041912	15:28	5	3yeem	33	1797	6
041912	15:28	5	15idea	34	4416	7
041912	15:28	5	21vest	35	1615	5
041912	15:28	5	16city	36	3994	5
041912	15:28	5	12slit	37	2050	3
041912	15:28	5	5mepe	38	3299	6
041912	15:28	5	24frol	39	1640	4
041912	15:28	5	2zofe	40	3241	4
041912	15:28	5	22pin	41	2896	5
041912	15:28	5	11poom	42	1950	6
041912	15:28	5	7yoob	43	1779	7
041912	15:28	5	5lale	44	1761	5
041912	15:28	5	19kind	45	4891	6
041912	15:28	5	17sick	46	1334	4
041912	15:28	5	9zeef	47	2363	6
041912	15:28	5	4peks	48	2463	5
041912	15:28	5	15rude	49	1286	4
041912	15:28	5	13grin	50	3270	6
041912	15:28	5	11kiy	51	2116	3
041912	15:28	5	20cat	52	1346	5
041912	15:28	5	2pabe	53	1759	6
041912	15:28	5	14hat	54	6691	5
041912	15:28	5	14heal	55	1589	7
041912	15:28	5	15part	56	1456	5
041912	15:28	5	19foul	57	2729	4
041912	15:28	5	12pore	58	2645	5
041912	15:28	5	7toog	59	2061	6
041912	15:28	5	2zoge	60	1613	4
041912	15:28	5	18hit	61	1264	5
041912	15:28	5	1jote	62	2608	5
041912	15:28	5	23kin	63	1169	6
041912	15:28	5	23joy	64	1350	7
041912	15:28	5	21face	65	2739	7
041912	15:28	5	16lamb	66	2039	6
041912	15:28	5	13scum	67	2064	4
041912	15:28	5	1yote	68	3152	5
041912	15:28	5	7zood	69	3091	4
041912	15:28	5	19shy	70	1801	6
041912	15:28	5	20car	71	4955	5
041912	15:28	5	15dirt	72	1476	6
041912	15:28	5	23ill	73	1804	7
041912	15:28	5	2yage	74	3382	6
041912	15:28	5	19chin	75	1296	5
041912	15:28	5	8resz	76	2807	2
041912	15:28	5	19mind	77	1800	6
041912	15:28	5	10kop	78	2515	4
041912	15:28	5	2zote	79	7465	4
041912	15:28	5	24loac	80	1675	3
041912	15:28	5	23milk	81	1778	8
041912	15:28	5	3jeet	82	2366	7
041912	15:28	5	9dafe	83	1602	4
041912	15:28	5	10joi	84	6300	7
041912	15:28	5	24olra	85	1998	4
041912	15:28	5	9zeeg	86	6545	4
041912	15:28	5	17hand	87	1432	5
041912	15:28	5	4spak	88	1354	4
041912	15:28	5	17man	89	2063	6
041912	15:28	5	6zoke	90	2487	4
041912	15:28	5	4pame	91	2485	5
041912	15:28	5	16rock	92	1908	6
041912	15:28	5	9zade	93	2354	5
041912	15:28	5	16foam	94	1917	7
041912	15:28	5	20save	95	1228	7
041912	15:28	5	8zet	96	1694	4
041912	15:28	5	6yope	97	1765	6
041912	15:28	5	12rain	98	1937	7
041912	15:28	5	18joke	99	1190	7
041912	15:28	5	6pome	100	1681	6
041912	15:28	5	22hop	101	1937	6
041912	15:28	5	22limp	102	1790	5
041912	15:28	5	13kiss	103	1672	6
041912	15:28	5	1yove	104	1416	5
041912	15:28	5	17fur	105	1380	6
041912	15:28	5	15farm	106	1279	6
041912	15:28	5	10mok	107	2655	4
041912	15:28	5	12balm	108	1646	7
041912	15:28	5	3tofe	109	1111	4
041912	15:28	5	21ace	110	1318	8
041912	15:28	5	5rocl	111	1484	3
041912	15:28	5	17burn	112	1379	6
041912	15:28	5	4pame	113	1703	6
041912	15:28	5	22mop	114	1646	6
041912	15:28	5	6zope	115	1615	5
041912	15:28	5	21debt	116	1929	4
041912	15:28	5	5alak	117	2223	5
041912	15:28	5	10hilp	118	2536	6
041912	15:28	5	14game	119	1516	7
041912	15:28	5	21rat	120	1048	5
