041912	15:01	3	speed	1	4085	66
041912	15:01	3	error	2	2364	92
041912	15:01	3	whichhand	3	6448	Right
041912	15:01	3	18lamp	1	9954	5
041912	15:01	3	11poom	2	3654	1
041912	15:01	3	4peks	3	2708	3
041912	15:01	3	12balm	4	3041	4
041912	15:01	3	16lamb	5	2545	6
041912	15:01	3	22hop	6	2789	6
041912	15:01	3	3tofe	7	3519	8
041912	15:01	3	7zood	8	3955	9
041912	15:01	3	10hilp	9	3765	5
041912	15:01	3	3zape	10	2215	6
041912	15:01	3	4pame	11	2169	5
041912	15:01	3	10hok	12	1980	7
041912	15:01	3	3jeet	13	3255	7
041912	15:01	3	1jote	14	1646	8
041912	15:01	3	24loac	15	2687	5
041912	15:01	3	7toog	16	1909	3
041912	15:01	3	16city	17	3771	7
041912	15:01	3	9zade	18	1892	5
041912	15:01	3	21vest	19	2731	4
041912	15:01	3	22pin	20	2920	7
041912	15:01	3	11yoom	21	1868	6
041912	15:01	3	1yote	22	1124	6
041912	15:01	3	4slek	23	1554	2
041912	15:01	3	12rain	24	1535	9
041912	15:01	3	10joi	25	1348	6
041912	15:01	3	21rat	26	1185	1
041912	15:01	3	9dafe	27	4533	7
041912	15:01	3	17sick	28	1519	2
041912	15:01	3	2zofe	29	3829	5
041912	15:01	3	9zeeg	30	1045	5
041912	15:01	3	17man	31	1662	7
041912	15:01	3	22hip	32	2334	6
041912	15:01	3	14mad	33	3692	3
041912	15:01	3	15part	34	1449	4
041912	15:01	3	23kin	35	1914	8
041912	15:01	3	11kiy	36	1400	6
041912	15:01	3	15farm	37	2507	6
041912	15:01	3	23milk	38	2273	5
041912	15:01	3	6zope	39	2224	7
041912	15:01	3	8resz	40	2177	4
041912	15:01	3	19shy	41	2532	5
041912	15:01	3	19chin	42	2737	5
041912	15:01	3	14heal	43	1997	7
041912	15:01	3	5rocl	44	1063	5
041912	15:01	3	14game	45	1576	7
041912	15:01	3	15idea	46	1356	8
041912	15:01	3	17hand	47	2193	5
041912	15:01	3	8saf	48	1371	4
041912	15:01	3	11hiol	49	951	4
041912	15:01	3	19mind	50	1477	9
041912	15:01	3	11yoon	51	3380	4
041912	15:01	3	16rock	52	2254	5
041912	15:01	3	18hit	53	2054	4
041912	15:01	3	17fur	54	2078	6
041912	15:01	3	5alak	55	2125	7
041912	15:01	3	2zote	56	1626	6
041912	15:01	3	13nice	57	2284	8
041912	15:01	3	20cat	58	1891	3
041912	15:01	3	3vofe	59	1730	5
041912	15:01	3	13kids	60	2208	7
041912	15:01	3	4pame	61	1785	5
041912	15:01	3	20war	62	1436	4
041912	15:01	3	1mobe	63	1958	3
041912	15:01	3	21ace	64	1778	9
041912	15:01	3	14pet	65	1741	9
041912	15:01	3	1yove	66	1578	4
041912	15:01	3	22mop	67	1814	3
041912	15:01	3	20safe	68	1832	8
041912	15:01	3	5mepe	69	1529	7
041912	15:01	3	6pome	70	1839	4
041912	15:01	3	23ill	71	1440	1
041912	15:01	3	20save	72	1913	8
041912	15:01	3	24deho	73	1504	7
041912	15:01	3	16cozy	74	1366	9
041912	15:01	3	3yeem	75	1371	7
041912	15:01	3	10kop	76	2167	6
041912	15:01	3	10mok	77	1715	4
041912	15:01	3	2pabe	78	2361	4
041912	15:01	3	22limp	79	1493	3
041912	15:01	3	13scum	80	2180	1
041912	15:01	3	23joy	81	1447	8
041912	15:01	3	23nun	82	1992	5
041912	15:01	3	24olra	83	4171	4
041912	15:01	3	7doof	84	1236	3
041912	15:01	3	9zeef	85	1966	5
041912	15:01	3	7noof	86	1666	4
041912	15:01	3	21debt	87	1674	3
041912	15:01	3	5lale	88	2826	6
041912	15:01	3	12balk	89	5858	6
041912	15:01	3	17burn	90	3366	6
041912	15:01	3	18joke	91	1584	7
041912	15:01	3	14hat	92	1515	5
041912	15:01	3	8zet	93	1346	3
041912	15:01	3	2zoge	94	1807	2
041912	15:01	3	1yoze	95	2561	4
041912	15:01	3	7yoob	96	1365	5
041912	15:01	3	12slit	97	2242	4
041912	15:01	3	19kind	98	1482	8
041912	15:01	3	15rude	99	2410	2
041912	15:01	3	4spak	100	1980	4
041912	15:01	3	13grin	101	1687	7
041912	15:01	3	2yage	102	2357	5
041912	15:01	3	9tafe	103	1170	5
041912	15:01	3	6zoke	104	1199	3
041912	15:01	3	20car	105	1033	7
041912	15:01	3	16foam	106	2131	6
041912	15:01	3	24edop	107	1816	3
041912	15:01	3	13kiss	108	1297	9
041912	15:01	3	15dirt	109	1696	4
041912	15:01	3	6fope	110	1647	5
041912	15:01	3	18boy	111	2240	8
041912	15:01	3	5rorp	112	1472	5
041912	15:01	3	24frol	113	1856	7
041912	15:01	3	8faw	114	1729	6
041912	15:01	3	21face	115	1510	7
041912	15:01	3	12pore	116	2277	4
041912	15:01	3	18wine	117	2100	8
041912	15:01	3	8zers	118	1234	5
041912	15:01	3	19foul	119	2156	4
041912	15:01	3	6yope	120	1351	5
