041912	15:28	4	speed	1	3763	46
041912	15:28	4	error	2	2567	100
041912	15:28	4	whichhand	3	8099	right
041912	15:28	4	2zofe	1	11903	6
041912	15:28	4	13nice	2	3643	7
041912	15:28	4	12slit	3	2634	4
041912	15:28	4	21debt	4	2915	2
041912	15:28	4	8zers	5	2840	4
041912	15:28	4	11yoon	6	2264	7
041912	15:28	4	9zade	7	1911	5
041912	15:28	4	3vofe	8	2437	3
041912	15:28	4	8zet	9	3070	6
041912	15:28	4	5lale	10	2748	3
041912	15:28	4	18hit	11	2120	1
041912	15:28	4	5rorp	12	2109	2
041912	15:28	4	21face	13	2691	6
041912	15:28	4	15farm	14	1881	8
041912	15:28	4	1yoze	15	1616	4
041912	15:28	4	7toog	16	1715	4
041912	15:28	4	11kiy	17	3201	3
041912	15:28	4	13grin	18	2003	8
041912	15:28	4	19chin	19	1780	5
041912	15:28	4	7doof	20	2024	3
041912	15:28	4	16rock	21	1577	5
041912	15:28	4	6yope	22	1437	4
041912	15:28	4	4pame	23	2118	3
041912	15:28	4	14heal	24	3443	8
041912	15:28	4	7zood	25	1683	4
041912	15:28	4	13kids	26	1906	6
041912	15:28	4	7noof	27	2672	4
041912	15:28	4	8faw	28	2079	3
041912	15:28	4	6pome	29	1654	5
041912	15:28	4	22mop	30	1926	5
041912	15:28	4	22hop	31	1708	6
041912	15:28	4	11yoom	32	1690	5
041912	15:28	4	3tofe	33	4121	5
041912	15:28	4	16city	34	2036	4
041912	15:28	4	15dirt	35	2461	6
041912	15:28	4	23nun	36	1780	6
041912	15:28	4	20war	37	1856	3
041912	15:28	4	23joy	38	1720	9
041912	15:28	4	17man	39	2494	6
041912	15:28	4	20safe	40	1660	8
041912	15:28	4	12rain	41	1940	7
041912	15:28	4	8saf	42	4185	3
041912	15:28	4	5alak	43	1682	3
041912	15:28	4	14mad	44	1810	2
041912	15:28	4	1jote	45	2716	6
041912	15:28	4	7yoob	46	1825	5
041912	15:28	4	22hip	47	2403	7
041912	15:28	4	16foam	48	1964	7
041912	15:28	4	6fope	49	1520	5
041912	15:28	4	15rude	50	3358	1
041912	15:28	4	18wine	51	2161	6
041912	15:28	4	14hat	52	1748	5
041912	15:28	4	1yove	53	3401	3
041912	15:28	4	14game	54	1875	7
041912	15:28	4	3zape	55	1530	5
041912	15:28	4	23ill	56	4208	3
041912	15:28	4	19foul	57	1472	3
041912	15:28	4	10hok	58	1671	3
041912	15:28	4	10mok	59	1575	2
041912	15:28	4	18lamp	60	3459	5
041912	15:28	4	24frol	61	1545	5
041912	15:28	4	6zope	62	1390	5
041912	15:28	4	4spak	63	2330	2
041912	15:28	4	4slek	64	1911	2
041912	15:28	4	16lamb	65	2037	8
041912	15:28	4	10hilp	66	2733	3
041912	15:28	4	22pin	67	2250	5
041912	15:28	4	9zeef	68	2178	4
041912	15:28	4	19kind	69	1894	8
041912	15:28	4	5rocl	70	2212	1
041912	15:28	4	16cozy	71	2215	9
041912	15:28	4	2zoge	72	3590	5
041912	15:28	4	18boy	73	1720	5
041912	15:28	4	10kop	74	2318	5
041912	15:28	4	21ace	75	3404	7
041912	15:28	4	21vest	76	1900	8
041912	15:28	4	12pore	77	1859	3
041912	15:28	4	17fur	78	1867	5
041912	15:28	4	23kin	79	2819	8
041912	15:28	4	24edop	80	3092	4
041912	15:28	4	4peks	81	2329	7
041912	15:28	4	20cat	82	1750	9
041912	15:28	4	1yote	83	1739	5
041912	15:28	4	9dafe	84	1952	3
041912	15:28	4	23milk	85	2412	6
041912	15:28	4	17sick	86	2141	2
041912	15:28	4	11poom	87	1866	7
041912	15:28	4	11hiol	88	2050	5
041912	15:28	4	9zeeg	89	1323	5
041912	15:28	4	24olra	90	2585	3
041912	15:28	4	13scum	91	1684	2
041912	15:28	4	15part	92	2259	6
041912	15:28	4	20save	93	1579	8
041912	15:28	4	21rat	94	1574	3
041912	15:28	4	24loac	95	1642	5
041912	15:28	4	18joke	96	1483	8
041912	15:28	4	3yeem	97	1539	2
041912	15:28	4	1mobe	98	1376	5
041912	15:28	4	10joi	99	2612	5
041912	15:28	4	13kiss	100	2181	7
041912	15:28	4	14pet	101	1521	8
041912	15:28	4	2zote	102	1286	5
041912	15:28	4	19mind	103	2126	7
041912	15:28	4	19shy	104	1363	7
041912	15:28	4	9tafe	105	1272	5
041912	15:28	4	2yage	106	2056	5
041912	15:28	4	12balm	107	1624	6
041912	15:28	4	24deho	108	1249	5
041912	15:28	4	3jeet	109	1331	4
041912	15:28	4	22limp	110	1617	5
041912	15:28	4	17burn	111	1172	2
041912	15:28	4	12balk	112	1312	2
041912	15:28	4	17hand	113	1566	6
041912	15:28	4	5mepe	114	2027	4
041912	15:28	4	20car	115	1220	8
041912	15:28	4	6zoke	116	1134	5
041912	15:28	4	4pame	117	1588	4
041912	15:28	4	8resz	118	1383	2
041912	15:28	4	2pabe	119	1300	2
041912	15:28	4	15idea	120	2323	8