041912	15:32	6	speed	1	4742	45
041912	15:32	6	error	2	4347	97
041912	15:32	6	whichhand	3	12582	Left
041912	15:32	6	19kind	1	10772	9
041912	15:32	6	3vofe	2	2975	5
041912	15:32	6	23joy	3	2042	9
041912	15:32	6	18wine	4	4587	5
041912	15:32	6	13kiss	5	6604	8
041912	15:32	6	8zet	6	2146	5
041912	15:32	6	1yove	7	1471	5
041912	15:32	6	19shy	8	17263	4
041912	15:32	6	21face	9	6624	5
041912	15:32	6	6yope	10	7429	4
041912	15:32	6	16rock	11	19449	1
041912	15:32	6	18boy	12	7649	5
041912	15:32	6	10hilp	13	8028	4
041912	15:32	6	7zood	14	6200	6
041912	15:32	6	5alak	15	16758	3
041912	15:32	6	23ill	16	2564	1
041912	15:32	6	18hit	17	7424	5
041912	15:32	6	15rude	18	1964	1
041912	15:32	6	12rain	19	5792	8
041912	15:32	6	4slek	20	2879	3
041912	15:32	6	13scum	21	2246	1
041912	15:32	6	22hop	22	3983	6
041912	15:32	6	24loac	23	4592	4
041912	15:32	6	10kop	24	3664	5
041912	15:32	6	13kids	25	3815	7
041912	15:32	6	17burn	26	3279	1
041912	15:32	6	3zape	27	4166	6
041912	15:32	6	21rat	28	3208	1
041912	15:32	6	1yote	29	4193	4
041912	15:32	6	12balk	30	9393	2
041912	15:32	6	3yeem	31	7749	5
041912	15:32	6	5rocl	32	3508	4
041912	15:32	6	8resz	33	6288	4
041912	15:32	6	24olra	34	4644	6
041912	15:32	6	11yoon	35	2922	7
041912	15:32	6	12slit	36	8318	2
041912	15:32	6	2zote	37	9494	5
041912	15:32	6	20save	38	3094	8
041912	15:32	6	3tofe	39	30691	4
041912	15:32	6	10joi	40	3071	9
041912	15:32	6	20safe	41	2301	9
041912	15:32	6	8saf	42	12747	9
041912	15:32	6	8faw	43	6206	5
041912	15:32	6	1yoze	44	4212	4
041912	15:32	6	8zers	45	3612	4
041912	15:32	6	22limp	46	5332	4
041912	15:32	6	9dafe	47	7070	5
041912	15:32	6	24deho	48	6617	6
041912	15:32	6	21ace	49	2567	8
041912	15:32	6	7doof	50	5363	3
041912	15:32	6	17hand	51	4764	7
041912	15:32	6	12balm	52	6357	6
041912	15:32	6	4peks	53	5133	6
041912	15:32	6	9zeef	54	5055	6
041912	15:32	6	20war	55	2420	1
041912	15:32	6	9zade	56	6533	6
041912	15:32	6	7toog	57	3174	4
041912	15:32	6	1mobe	58	4449	6
041912	15:32	6	13grin	59	2407	9
041912	15:32	6	10mok	60	3505	3
041912	15:32	6	23nun	61	3998	6
041912	15:32	6	9tafe	62	4359	6
041912	15:32	6	11kiy	63	5000	3
041912	15:32	6	13nice	64	2216	9
041912	15:32	6	3jeet	65	6026	6
041912	15:32	6	15part	66	5248	6
041912	15:32	6	14heal	67	2333	7
041912	15:32	6	22pin	68	2859	6
041912	15:32	6	5lale	69	3554	3
041912	15:32	6	2zofe	70	4260	6
041912	15:32	6	5mepe	71	5322	5
041912	15:32	6	19chin	72	1973	7
041912	15:32	6	2zoge	73	8864	4
041912	15:32	6	9zeeg	74	3481	6
041912	15:32	6	1jote	75	2936	6
041912	15:32	6	15farm	76	2796	7
041912	15:32	6	7yoob	77	3182	4
041912	15:32	6	17fur	78	2808	6
041912	15:32	6	11hiol	79	3745	4
041912	15:32	6	14mad	80	3236	1
041912	15:32	6	6zoke	81	11412	4
041912	15:32	6	10hok	82	3853	3
041912	15:32	6	14hat	83	2308	6
041912	15:32	6	16foam	84	4682	7
041912	15:32	6	4pame	85	4999	4
041912	15:32	6	11poom	86	3030	4
041912	15:32	6	16city	87	2495	7
041912	15:32	6	23milk	88	2637	6
041912	15:32	6	22mop	89	3014	7
041912	15:32	6	23kin	90	1927	6
041912	15:32	6	12pore	91	3036	6
041912	15:32	6	17man	92	3068	6
041912	15:32	6	6fope	93	4995	6
041912	15:32	6	22hip	94	2147	6
041912	15:32	6	19foul	95	5496	1
041912	15:32	6	21vest	96	2627	7
041912	15:32	6	14game	97	1572	7
041912	15:32	6	18lamp	98	2592	7
041912	15:32	6	4spak	99	2091	4
041912	15:32	6	17sick	100	1785	1
041912	15:32	6	24frol	101	8292	4
041912	15:32	6	14pet	102	2413	7
041912	15:32	6	6zope	103	4535	6
041912	15:32	6	2pabe	104	4794	5
041912	15:32	6	5rorp	105	3298	4
041912	15:32	6	20car	106	1607	6
041912	15:32	6	21debt	107	5530	3
041912	15:32	6	7noof	108	2356	4
041912	15:32	6	16cozy	109	3120	9
041912	15:32	6	18joke	110	1900	9
041912	15:32	6	19mind	111	3891	7
041912	15:32	6	20cat	112	1560	6
041912	15:32	6	15idea	113	4245	8
041912	15:32	6	11yoom	114	4323	4
041912	15:32	6	24edop	115	16823	6
041912	15:32	6	4pame	116	3826	4
041912	15:32	6	16lamb	117	2394	6
041912	15:32	6	2yage	118	2460	4
041912	15:32	6	6pome	119	3156	6
041912	15:32	6	15dirt	120	4375	5
