041912	13:06	1	speed	1	6714	63
041912	13:06	1	error	2	3318	88
041912	13:06	1	whichhand	3	6100	right
041912	13:06	1	12balm	1	10394	7
041912	13:06	1	12balk	2	4340	7
041912	13:06	1	23joy	3	2223	9
041912	13:06	1	23nun	4	3104	8
041912	13:06	1	2pabe	5	2701	5
041912	13:06	1	2zote	6	3243	6
041912	13:06	1	7doof	7	2987	8
041912	13:06	1	22mop	8	2405	3
041912	13:06	1	7noof	9	2959	1
041912	13:06	1	19mind	10	2426	7
041912	13:06	1	9tafe	11	3627	5
041912	13:06	1	5lale	12	2299	5
041912	13:06	1	22hop	13	1810	8
041912	13:06	1	9dafe	14	2492	7
041912	13:06	1	13grin	15	1938	9
041912	13:06	1	10hilp	16	2527	3
041912	13:06	1	11poom	17	3140	2
041912	13:06	1	23ill	18	3072	1
041912	13:06	1	13scum	19	1879	1
041912	13:06	1	1mobe	20	2550	3
041912	13:06	1	1yove	21	2179	1
041912	13:06	1	24loac	22	1526	1
041912	13:06	1	20car	23	3108	6
041912	13:06	1	4pame	24	2017	1
041912	13:06	1	12pore	25	2556	3
041912	13:06	1	8saf	26	1703	1
041912	13:06	1	7yoob	27	2470	1
041912	13:06	1	7toog	28	1709	1
041912	13:06	1	10kop	29	1539	1
041912	13:06	1	18hit	30	3457	7
041912	13:06	1	18joke	31	1639	9
041912	13:06	1	13nice	32	1601	9
041912	13:06	1	23milk	33	3628	5
041912	13:06	1	21face	34	1812	6
041912	13:06	1	19shy	35	2110	4
041912	13:06	1	15dirt	36	2420	5
041912	13:06	1	5rorp	37	3358	1
041912	13:06	1	6yope	38	1608	1
041912	13:06	1	24edop	39	1699	1
041912	13:06	1	4pame	40	2282	1
041912	13:06	1	20war	41	2282	2
041912	13:06	1	7zood	42	1409	1
041912	13:06	1	14game	43	2788	7
041912	13:06	1	1yoze	44	1662	1
041912	13:06	1	14mad	45	1806	5
041912	13:06	1	9zeeg	46	1321	1
041912	13:06	1	9zeef	47	1263	1
041912	13:06	1	17burn	48	1872	5
041912	13:06	1	21ace	49	3696	9
041912	13:06	1	21debt	50	2165	1
041912	13:06	1	12rain	51	2153	9
041912	13:06	1	2yage	52	4605	1
041912	13:06	1	11kiy	53	2037	2
041912	13:06	1	15part	54	3653	6
041912	13:06	1	4slek	55	2388	3
041912	13:06	1	3tofe	56	1470	1
041912	13:06	1	24frol	57	2966	2
041912	13:06	1	19foul	58	2810	6
041912	13:06	1	19chin	59	2019	7
041912	13:06	1	3jeet	60	2181	8
041912	13:06	1	8resz	61	2080	1
041912	13:06	1	6zoke	62	1144	1
041912	13:06	1	16cozy	63	1973	9
041912	13:06	1	20cat	64	1545	9
041912	13:06	1	9zade	65	2494	4
041912	13:06	1	13kids	66	1509	9
041912	13:06	1	6fope	67	2883	3
041912	13:06	1	22hip	68	2739	8
041912	13:06	1	15idea	69	1486	9
041912	13:06	1	5rocl	70	2814	1
041912	13:06	1	6pome	71	2375	3
041912	13:06	1	4peks	72	2474	3
041912	13:06	1	20safe	73	1593	9
041912	13:06	1	11yoon	74	1629	1
041912	13:06	1	16rock	75	1495	9
041912	13:06	1	3vofe	76	2126	5
041912	13:06	1	8faw	77	2284	1
041912	13:06	1	20save	78	1987	8
041912	13:06	1	10joi	79	3350	9
041912	13:06	1	2zofe	80	2033	5
041912	13:06	1	21rat	81	2379	1
041912	13:06	1	5alak	82	1766	2
041912	13:06	1	11hiol	83	3906	2
041912	13:06	1	14heal	84	2383	8
041912	13:06	1	5mepe	85	3394	5
041912	13:06	1	10mok	86	2771	6
041912	13:06	1	18boy	87	1734	9
041912	13:06	1	14hat	88	1212	9
041912	13:06	1	15farm	89	2231	6
041912	13:06	1	10hok	90	1968	5
041912	13:06	1	18lamp	91	2884	9
041912	13:06	1	8zet	92	1707	1
041912	13:06	1	14pet	93	1433	9
041912	13:06	1	6zope	94	1547	1
041912	13:06	1	19kind	95	1361	9
041912	13:06	1	17fur	96	1310	9
041912	13:06	1	17sick	97	2052	1
041912	13:06	1	17hand	98	2061	6
041912	13:06	1	15rude	99	3493	3
041912	13:06	1	24deho	100	2618	2
041912	13:06	1	16city	101	2004	9
041912	13:06	1	8zers	102	2158	1
041912	13:06	1	3yeem	103	2562	3
041912	13:06	1	16lamb	104	2406	9
041912	13:06	1	1yote	105	3055	8
041912	13:06	1	21vest	106	2087	9
041912	13:06	1	16foam	107	1749	9
041912	13:06	1	11yoom	108	1523	1
041912	13:06	1	1jote	109	1641	1
041912	13:06	1	2zoge	110	7082	2
041912	13:06	1	22pin	111	2012	9
041912	13:06	1	3zape	112	4703	3
041912	13:06	1	22limp	113	3403	5
041912	13:06	1	13kiss	114	2044	8
041912	13:06	1	4spak	115	4332	5
041912	13:06	1	17man	116	2048	8
041912	13:06	1	23kin	117	3352	2
041912	13:06	1	24olra	118	1868	1
041912	13:06	1	12slit	119	2532	5
041912	13:06	1	18wine	120	4241	7
