041912	14:01	2	speed	1	4831	42
041912	14:01	2	error	2	5512	95
041912	14:01	2	whichhand	3	13723	right
041912	14:01	2	5alak	1	7383	3
041912	14:01	2	7yoob	2	7957	7
041912	14:01	2	8faw	3	5636	5
041912	14:01	2	1yoze	4	5929	7
041912	14:01	2	2zote	5	6387	3
041912	14:01	2	15part	6	4930	5
041912	14:01	2	3tofe	7	3709	3
041912	14:01	2	3jeet	8	2769	4
041912	14:01	2	1yote	9	7012	5
041912	14:01	2	7zood	10	9665	6
041912	14:01	2	10hilp	11	6249	3
041912	14:01	2	18joke	12	4438	7
041912	14:01	2	20car	13	3709	5
041912	14:01	2	9zade	14	4097	3
041912	14:01	2	24edop	15	3422	2
041912	14:01	2	13nice	16	3086	5
041912	14:01	2	16city	17	1964	5
041912	14:01	2	6zoke	18	6808	4
041912	14:01	2	21debt	19	3133	5
041912	14:01	2	8zet	20	4034	4
041912	14:01	2	19foul	21	3761	5
041912	14:01	2	12balk	22	3884	6
041912	14:01	2	7noof	23	3529	5
041912	14:01	2	20war	24	9933	5
041912	14:01	2	21ace	25	3739	8
041912	14:01	2	24deho	26	4654	4
041912	14:01	2	17sick	27	3812	4
041912	14:01	2	9zeef	28	1724	3
041912	14:01	2	11yoon	29	5554	4
041912	14:01	2	21vest	30	1707	5
041912	14:01	2	16rock	31	1442	6
041912	14:01	2	1yove	32	5027	3
041912	14:01	2	4slek	33	3738	3
041912	14:01	2	21rat	34	4005	5
041912	14:01	2	18hit	35	1525	5
041912	14:01	2	16lamb	36	2491	5
041912	14:01	2	21face	37	1609	6
041912	14:01	2	6zope	38	5236	4
041912	14:01	2	5lale	39	5450	3
041912	14:01	2	10hok	40	4648	3
041912	14:01	2	14hat	41	3478	5
041912	14:01	2	8saf	42	2476	3
041912	14:01	2	2pabe	43	5987	2
041912	14:01	2	19shy	44	3211	5
041912	14:01	2	3vofe	45	2212	4
041912	14:01	2	14mad	46	2214	5
041912	14:01	2	7doof	47	4160	5
041912	14:01	2	23joy	48	2986	7
041912	14:01	2	5rocl	49	5540	3
041912	14:01	2	10kop	50	2669	3
041912	14:01	2	22hop	51	2188	5
041912	14:01	2	24loac	52	4343	3
041912	14:01	2	23ill	53	1633	5
041912	14:01	2	22hip	54	1395	5
041912	14:01	2	11kiy	55	2615	2
041912	14:01	2	23kin	56	1664	5
041912	14:01	2	18lamp	57	1553	5
041912	14:01	2	24olra	58	5245	4
041912	14:01	2	14heal	59	4203	5
041912	14:01	2	6fope	60	3364	3
041912	14:01	2	1mobe	61	4623	5
041912	14:01	2	10joi	62	5037	4
041912	14:01	2	16foam	63	3188	6
041912	14:01	2	12balm	64	1758	6
041912	14:01	2	18boy	65	1490	5
041912	14:01	2	5mepe	66	2001	3
041912	14:01	2	2zoge	67	2516	3
041912	14:01	2	15dirt	68	1337	5
041912	14:01	2	4pame	69	3511	3
041912	14:01	2	11hiol	70	3779	1
041912	14:01	2	20save	71	3189	5
041912	14:01	2	6yope	72	8287	4
041912	14:01	2	4peks	73	6304	3
041912	14:01	2	17man	74	1283	5
041912	14:01	2	11yoom	75	3371	4
041912	14:01	2	18wine	76	3701	5
041912	14:01	2	3yeem	77	4306	3
041912	14:01	2	4spak	78	2774	3
041912	14:01	2	17hand	79	2801	5
041912	14:01	2	11poom	80	4771	3
041912	14:01	2	1jote	81	3796	4
041912	14:01	2	8resz	82	6517	2
041912	14:01	2	9zeeg	83	3518	3
041912	14:01	2	22limp	84	3611	5
041912	14:01	2	9tafe	85	3252	4
041912	14:01	2	4pame	86	3947	3
041912	14:01	2	2zofe	87	1582	3
041912	14:01	2	17fur	88	1314	5
041912	14:01	2	22pin	89	1265	5
041912	14:01	2	7toog	90	3674	4
041912	14:01	2	20safe	91	2280	5
041912	14:01	2	12rain	92	2632	5
041912	14:01	2	24frol	93	4144	4
041912	14:01	2	9dafe	94	4267	4
041912	14:01	2	10mok	95	2409	3
041912	14:01	2	12slit	96	3179	5
041912	14:01	2	3zape	97	11509	5
041912	14:01	2	12pore	98	4626	5
041912	14:01	2	23nun	99	1721	5
041912	14:01	2	13scum	100	1879	6
041912	14:01	2	13kids	101	3783	5
041912	14:01	2	6pome	102	2809	3
041912	14:01	2	15farm	103	2490	5
041912	14:01	2	2yage	104	2697	3
041912	14:01	2	22mop	105	3199	4
041912	14:01	2	20cat	106	1896	5
041912	14:01	2	15idea	107	5295	6
041912	14:01	2	16cozy	108	2251	7
041912	14:01	2	15rude	109	1540	6
041912	14:01	2	8zers	110	3801	4
041912	14:01	2	19chin	111	1354	5
041912	14:01	2	23milk	112	2335	5
041912	14:01	2	14game	113	4084	6
041912	14:01	2	13kiss	114	2954	6
041912	14:01	2	5rorp	115	3757	2
041912	14:01	2	19kind	116	2511	6
041912	14:01	2	13grin	117	2277	6
041912	14:01	2	17burn	118	5516	6
041912	14:01	2	14pet	119	2095	5
041912	14:01	2	19mind	120	1934	5
