041912	11:15	1	speed	1	2858	45
041912	11:15	1	error	2	2565	100
041912	11:15	1	whichhand	3	5947	right
041912	11:15	1	15idea	1	6588	7
041912	11:15	1	4slek	2	3178	2
041912	11:15	1	10kop	3	1966	2
041912	11:15	1	12rain	4	2960	6
041912	11:15	1	11hiol	5	2269	2
041912	11:15	1	22pin	6	2134	3
041912	11:15	1	2zofe	7	1916	2
041912	11:15	1	24edop	8	1190	2
041912	11:15	1	10joi	9	1820	2
041912	11:15	1	6yope	10	1832	2
041912	11:15	1	22hip	11	3912	6
041912	11:15	1	14hat	12	3063	7
041912	11:15	1	12balk	13	1858	5
041912	11:15	1	16foam	14	3455	7
041912	11:15	1	18boy	15	1272	7
041912	11:15	1	18joke	16	1518	7
041912	11:15	1	16rock	17	1263	7
041912	11:15	1	3zape	18	2493	3
041912	11:15	1	14pet	19	2220	8
041912	11:15	1	24olra	20	2202	2
041912	11:15	1	11kiy	21	1653	2
041912	11:15	1	15part	22	1873	5
041912	11:15	1	19mind	23	1753	7
041912	11:15	1	18wine	24	1456	7
041912	11:15	1	8zet	25	1556	2
041912	11:15	1	23nun	26	3101	4
041912	11:15	1	3vofe	27	1248	2
041912	11:15	1	5rorp	28	2153	2
041912	11:15	1	2zote	29	1881	2
041912	11:15	1	24loac	30	3531	2
041912	11:15	1	15dirt	31	2780	4
041912	11:15	1	16lamb	32	1758	7
041912	11:15	1	21debt	33	2528	2
041912	11:15	1	8resz	34	1935	2
041912	11:15	1	10mok	35	1332	2
041912	11:15	1	10hilp	36	1135	2
041912	11:15	1	21face	37	1666	6
041912	11:15	1	17burn	38	1586	3
041912	11:15	1	15rude	39	1928	2
041912	11:15	1	20cat	40	1453	7
041912	11:15	1	13kids	41	1497	7
041912	11:15	1	3tofe	42	2613	2
041912	11:15	1	14game	43	1396	7
041912	11:15	1	20car	44	1437	7
041912	11:15	1	2pabe	45	1414	2
041912	11:15	1	7noof	46	938	2
041912	11:15	1	16cozy	47	1604	7
041912	11:15	1	17sick	48	1550	2
041912	11:15	1	17fur	49	1397	8
041912	11:15	1	13kiss	50	1358	8
041912	11:15	1	17hand	51	2487	6
041912	11:15	1	4spak	52	1653	2
041912	11:15	1	1mobe	53	2178	2
041912	11:15	1	12balm	54	1807	4
041912	11:15	1	12pore	55	1601	5
041912	11:15	1	22limp	56	2275	5
041912	11:15	1	21vest	57	1582	5
041912	11:15	1	21rat	58	1829	6
041912	11:15	1	19shy	59	2077	5
041912	11:15	1	9zeef	60	1663	2
041912	11:15	1	3yeem	61	934	2
041912	11:15	1	13nice	62	1585	7
041912	11:15	1	5lale	63	1392	2
041912	11:15	1	20save	64	1542	7
041912	11:15	1	9zade	65	1285	2
041912	11:15	1	1yote	66	1382	2
041912	11:15	1	2yage	67	1305	2
041912	11:15	1	18lamp	68	1775	6
041912	11:15	1	23ill	69	2788	2
041912	11:15	1	9dafe	70	1222	2
041912	11:15	1	22mop	71	1345	5
041912	11:15	1	4pame	72	2447	3
041912	11:15	1	1yove	73	1262	2
041912	11:15	1	20safe	74	1225	7
041912	11:15	1	3jeet	75	1055	2
041912	11:15	1	13scum	76	1474	2
041912	11:15	1	10hok	77	856	2
041912	11:15	1	14heal	78	2242	7
041912	11:15	1	7doof	79	1278	2
041912	11:15	1	6zoke	80	1206	2
041912	11:15	1	16city	81	1983	6
041912	11:15	1	5mepe	82	1215	2
041912	11:15	1	20war	83	1834	2
041912	11:15	1	1jote	84	1058	2
041912	11:15	1	23joy	85	1916	7
041912	11:15	1	13grin	86	1655	7
041912	11:15	1	23kin	87	1675	6
041912	11:15	1	24deho	88	1445	2
041912	11:15	1	9tafe	89	790	2
041912	11:15	1	11yoon	90	867	2
041912	11:15	1	4peks	91	824	2
041912	11:15	1	22hop	92	1754	6
041912	11:15	1	6pome	93	1105	2
041912	11:15	1	4pame	94	791	2
041912	11:15	1	23milk	95	2284	6
041912	11:15	1	19chin	96	1407	5
041912	11:15	1	2zoge	97	1456	2
041912	11:15	1	19kind	98	1420	7
041912	11:15	1	24frol	99	3447	2
041912	11:15	1	8zers	100	729	2
041912	11:15	1	8saf	101	752	2
041912	11:15	1	7zood	102	700	2
041912	11:15	1	11yoom	103	574	2
041912	11:15	1	14mad	104	3168	4
041912	11:15	1	6zope	105	1440	2
041912	11:15	1	12slit	106	2905	4
041912	11:15	1	8faw	107	2899	4
041912	11:15	1	5alak	108	1182	2
041912	11:15	1	15farm	109	1633	6
041912	11:15	1	1yoze	110	1152	2
041912	11:15	1	7toog	111	1102	2
041912	11:15	1	18hit	112	1848	4
041912	11:15	1	19foul	113	1453	4
041912	11:15	1	11poom	114	1177	2
041912	11:15	1	9zeeg	115	628	2
041912	11:15	1	17man	116	2712	7
041912	11:15	1	6fope	117	1381	2
041912	11:15	1	21ace	118	1777	6
041912	11:15	1	7yoob	119	957	2
041912	11:15	1	5rocl	120	701	2
