041912	11:34	1	speed	1	1742	42
041912	11:34	1	error	2	1973	90
041912	11:34	1	whichhand	3	11944	right
041912	11:34	1	3vofe	1	24317	5
041912	11:34	1	20cat	2	2796	9
041912	11:34	1	1yoze	3	4766	5
041912	11:34	1	16city	4	3503	6
041912	11:34	1	17fur	5	4972	4
041912	11:34	1	3yeem	6	3124	5
041912	11:34	1	12balm	7	6640	6
041912	11:34	1	15part	8	4819	9
041912	11:34	1	16cozy	9	1178	9
041912	11:34	1	11kiy	10	4487	5
041912	11:34	1	19chin	11	4923	5
041912	11:34	1	14mad	12	2213	1
041912	11:34	1	2zote	13	3271	5
041912	11:34	1	24olra	14	4533	4
041912	11:34	1	10hok	15	3576	4
041912	11:34	1	9zade	16	1985	4
041912	11:34	1	24deho	17	2900	6
041912	11:34	1	8zet	18	2009	6
041912	11:34	1	7toog	19	1963	5
041912	11:34	1	8faw	20	2455	5
041912	11:34	1	9tafe	21	2343	6
041912	11:34	1	8zers	22	3803	4
041912	11:34	1	6yope	23	4844	5
041912	11:34	1	5rocl	24	1953	3
041912	11:34	1	20safe	25	1733	9
041912	11:34	1	6fope	26	3211	9
041912	11:34	1	15idea	27	2404	9
041912	11:34	1	19mind	28	1061	9
041912	11:34	1	22pin	29	5958	3
041912	11:34	1	23joy	30	1606	9
041912	11:34	1	17hand	31	2080	8
041912	11:34	1	19foul	32	1880	1
041912	11:34	1	2zoge	33	3327	2
041912	11:34	1	2yage	34	1819	2
041912	11:34	1	2pabe	35	4596	5
041912	11:34	1	18boy	36	3612	9
041912	11:34	1	18wine	37	973	9
041912	11:34	1	3tofe	38	2865	5
041912	11:34	1	22limp	39	2336	2
041912	11:34	1	20war	40	10612	4
041912	11:34	1	1yove	41	1557	4
041912	11:34	1	21rat	42	6489	1
041912	11:34	1	22mop	43	3460	3
041912	11:34	1	7yoob	44	3802	5
041912	11:34	1	10hilp	45	2195	4
041912	11:34	1	20car	46	2101	8
041912	11:34	1	2zofe	47	2276	5
041912	11:34	1	11yoom	48	5243	5
041912	11:34	1	22hop	49	2688	8
041912	11:34	1	23ill	50	2014	1
041912	11:34	1	13nice	51	2376	9
041912	11:34	1	14hat	52	2083	8
041912	11:34	1	12balk	53	2762	1
041912	11:34	1	14pet	54	1821	9
041912	11:34	1	18joke	55	1103	9
041912	11:34	1	17man	56	1397	9
041912	11:34	1	24frol	57	2265	5
041912	11:34	1	12pore	58	4153	3
041912	11:34	1	6zoke	59	2467	3
041912	11:34	1	21ace	60	2538	7
041912	11:34	1	12rain	61	5342	5
041912	11:34	1	17burn	62	1671	1
041912	11:34	1	4spak	63	2623	4
041912	11:34	1	6pome	64	1624	5
041912	11:34	1	18lamp	65	2177	7
041912	11:34	1	10joi	66	2405	6
041912	11:34	1	16foam	67	2070	6
041912	11:34	1	5alak	68	1389	5
041912	11:34	1	11hiol	69	1321	5
041912	11:34	1	8resz	70	815	5
041912	11:34	1	10kop	71	1626	5
041912	11:34	1	15rude	72	1748	1
041912	11:34	1	7noof	73	1977	4
041912	11:34	1	7zood	74	2492	4
041912	11:34	1	6zope	75	1482	4
041912	11:34	1	4pame	76	3602	6
041912	11:34	1	15farm	77	1915	9
041912	11:34	1	9zeeg	78	2609	4
041912	11:34	1	10mok	79	1811	5
041912	11:34	1	11yoon	80	1524	6
041912	11:34	1	24loac	81	2626	6
041912	11:34	1	13kids	82	2019	1
041912	11:34	1	14game	83	1892	9
041912	11:34	1	19kind	84	1435	9
041912	11:34	1	12slit	85	4228	6
041912	11:34	1	5rorp	86	2355	6
041912	11:34	1	7doof	87	3095	6
041912	11:34	1	20save	88	2116	9
041912	11:34	1	15dirt	89	3027	4
041912	11:34	1	1mobe	90	1762	5
041912	11:34	1	23milk	91	1935	7
041912	11:34	1	4pame	92	2043	4
041912	11:34	1	16rock	93	2884	6
041912	11:34	1	4peks	94	7738	3
041912	11:34	1	3jeet	95	4281	5
041912	11:34	1	11poom	96	3542	5
041912	11:34	1	24edop	97	1913	5
041912	11:34	1	21vest	98	2455	7
041912	11:34	1	9dafe	99	1911	6
041912	11:34	1	5lale	100	1173	5
041912	11:34	1	1jote	101	1057	5
041912	11:34	1	17sick	102	1714	1
041912	11:34	1	19shy	103	4152	3
041912	11:34	1	1yote	104	2283	5
041912	11:34	1	16lamb	105	2706	4
041912	11:34	1	8saf	106	1799	4
041912	11:34	1	21debt	107	2122	1
041912	11:34	1	3zape	108	1911	1
041912	11:34	1	21face	109	1637	7
041912	11:34	1	14heal	110	2870	8
041912	11:34	1	9zeef	111	1356	8
041912	11:34	1	18hit	112	1569	1
041912	11:34	1	23kin	113	3197	9
041912	11:34	1	22hip	114	2174	6
041912	11:34	1	5mepe	115	1610	5
041912	11:34	1	13kiss	116	2508	9
041912	11:34	1	13grin	117	1217	9
041912	11:34	1	4slek	118	2860	5
041912	11:34	1	23nun	119	2315	9
041912	11:34	1	13scum	120	2017	1
