041912	11:18	1	speed	1	3477	26
041912	11:18	1	error	2	2637	82
041912	11:18	1	whichhand	3	7150	right
041912	11:18	1	5alak	1	10139	4
041912	11:18	1	14game	2	5727	9
041912	11:18	1	3yeem	3	4392	4
041912	11:18	1	23kin	4	2904	5
041912	11:18	1	7toog	5	4765	2
041912	11:18	1	11kiy	6	2062	5
041912	11:18	1	11yoon	7	3110	5
041912	11:18	1	2pabe	8	3387	4
041912	11:18	1	20cat	9	3028	6
041912	11:18	1	13scum	10	3444	2
041912	11:18	1	19chin	11	2091	5
041912	11:18	1	12balm	12	3834	5
041912	11:18	1	1yoze	13	3001	3
041912	11:18	1	4spak	14	1715	3
041912	11:18	1	2zote	15	2873	4
041912	11:18	1	7doof	16	2327	4
041912	11:18	1	24deho	17	3740	4
041912	11:18	1	22hip	18	1999	5
041912	11:18	1	16cozy	19	2314	7
041912	11:18	1	20save	20	1975	7
041912	11:18	1	13nice	21	4459	8
041912	11:18	1	21debt	22	3984	1
041912	11:18	1	15farm	23	3177	7
041912	11:18	1	5lale	24	2019	5
041912	11:18	1	15idea	25	1932	6
041912	11:18	1	21vest	26	1930	5
041912	11:18	1	10kop	27	1615	4
041912	11:18	1	9zeeg	28	2514	4
041912	11:18	1	6zope	29	3607	4
041912	11:18	1	22hop	30	2535	5
041912	11:18	1	11yoom	31	2283	4
041912	11:18	1	1mobe	32	2555	5
041912	11:18	1	21ace	33	1599	6
041912	11:18	1	23ill	34	4081	2
041912	11:18	1	9zade	35	3974	4
041912	11:18	1	2zofe	36	1567	4
041912	11:18	1	18hit	37	2692	9
041912	11:18	1	8zet	38	4225	4
041912	11:18	1	14heal	39	1576	5
041912	11:18	1	20car	40	1380	5
041912	11:18	1	19kind	41	3480	6
041912	11:18	1	18joke	42	2270	7
041912	11:18	1	4peks	43	2621	3
041912	11:18	1	1jote	44	1430	4
041912	11:18	1	22mop	45	4104	5
041912	11:18	1	6yope	46	9164	3
041912	11:18	1	13kiss	47	1640	9
041912	11:18	1	15rude	48	2697	3
041912	11:18	1	14mad	49	2095	2
041912	11:18	1	15part	50	1685	5
041912	11:18	1	9tafe	51	2508	5
041912	11:18	1	1yove	52	1698	4
041912	11:18	1	4pame	53	1753	4
041912	11:18	1	8saf	54	4125	3
041912	11:18	1	12slit	55	1688	4
041912	11:18	1	18boy	56	1975	5
041912	11:18	1	24loac	57	8082	5
041912	11:18	1	11poom	58	6675	4
041912	11:18	1	24edop	59	3637	5
041912	11:18	1	12balk	60	3260	6
041912	11:18	1	9dafe	61	1755	5
041912	11:18	1	17hand	62	1791	5
041912	11:18	1	10mok	63	3282	3
041912	11:18	1	17sick	64	1960	2
041912	11:18	1	8zers	65	1756	5
041912	11:18	1	7yoob	66	1680	5
041912	11:18	1	6pome	67	3760	5
041912	11:18	1	10hilp	68	3018	5
041912	11:18	1	5mepe	69	1595	5
041912	11:18	1	23joy	70	3342	6
041912	11:18	1	12pore	71	2649	5
041912	11:18	1	18wine	72	2641	7
041912	11:18	1	8faw	73	1785	5
041912	11:18	1	24frol	74	4524	4
041912	11:18	1	3vofe	75	1758	4
041912	11:18	1	5rocl	76	2971	5
041912	11:18	1	9zeef	77	1309	4
041912	11:18	1	19shy	78	2212	3
041912	11:18	1	18lamp	79	1157	5
041912	11:18	1	22pin	80	1474	5
041912	11:18	1	24olra	81	2954	5
041912	11:18	1	21face	82	4669	5
041912	11:18	1	3zape	83	1538	5
041912	11:18	1	22limp	84	4047	3
041912	11:18	1	3tofe	85	1878	5
041912	11:18	1	23nun	86	2213	5
041912	11:18	1	6fope	87	1271	4
041912	11:18	1	8resz	88	1807	4
041912	11:18	1	11hiol	89	1777	5
041912	11:18	1	16lamb	90	2013	6
041912	11:18	1	7noof	91	1431	5
041912	11:18	1	4pame	92	2401	5
041912	11:18	1	13grin	93	4139	6
041912	11:18	1	16foam	94	2469	5
041912	11:18	1	17burn	95	2100	4
041912	11:18	1	14hat	96	1059	5
041912	11:18	1	20war	97	3372	3
041912	11:18	1	15dirt	98	1669	6
041912	11:18	1	2yage	99	901	5
041912	11:18	1	1yote	100	2574	5
041912	11:18	1	20safe	101	2983	6
041912	11:18	1	12rain	102	2001	8
041912	11:18	1	19foul	103	2548	4
041912	11:18	1	3jeet	104	1256	5
041912	11:18	1	4slek	105	3457	5
041912	11:18	1	16rock	106	1231	5
041912	11:18	1	17fur	107	1450	5
041912	11:18	1	10joi	108	2947	4
041912	11:18	1	7zood	109	2078	5
041912	11:18	1	5rorp	110	4173	5
041912	11:18	1	16city	111	3190	4
041912	11:18	1	14pet	112	2096	7
041912	11:18	1	23milk	113	1830	6
041912	11:18	1	6zoke	114	1040	5
041912	11:18	1	10hok	115	1866	5
041912	11:18	1	17man	116	2266	6
041912	11:18	1	21rat	117	2209	4
041912	11:18	1	2zoge	118	1011	5
041912	11:18	1	13kids	119	2374	8
041912	11:18	1	19mind	120	1913	6
